0 0 0 0 349
0 0 0 1 724
0 0 0 0 476
0 0 0 1 531
0 0 0 0 482
0 0 0 0 449
0 0 0 0 692
0 0 0 1 435
0 0 0 0 306
0 0 0 0 485
0 0 0 0 538
0 0 0 0 541
0 0 0 1 418
0 0 0 0 549
0 0 0 1 619
0 0 0 0 511
0 0 0 0 389
0 0 0 0 501
0 0 0 0 585
0 0 0 0 748
0 0 0 1 584
0 0 0 0 411
0 0 0 1 688
0 0 0 0 478
0 0 0 0 522
0 0 0 0 697
0 0 0 0 493
0 0 0 1 462
0 0 0 0 347
0 0 0 1 552
0 0 1 3 784
0 0 1 3 688
0 0 1 3 688
0 0 1 3 653
0 0 1 3 534
0 0 1 3 837
0 0 1 2 1469
0 0 1 3 535
0 0 1 3 699
0 0 1 3 691
0 0 1 3 810
0 0 1 3 640
0 0 1 3 407
0 0 1 2 952
0 0 1 3 528
0 0 1 3 625
0 0 1 3 541
0 0 1 3 581
0 0 1 3 512
0 0 1 3 479
0 0 1 3 714
0 0 1 3 761
0 0 1 3 490
0 0 1 3 632
0 0 1 3 450
0 0 1 2 1156
0 0 1 3 605
0 0 1 3 485
0 0 1 3 474
0 0 1 3 540
1 0 0 1 844
1 0 0 0 741
1 0 0 0 688
1 0 0 0 649
1 0 0 0 718
1 0 0 0 1022
1 0 0 1 508
1 0 0 1 504
1 0 0 0 622
1 0 0 1 851
1 0 0 0 839
1 0 0 0 986
1 0 0 1 739
1 0 0 0 652
1 0 0 0 709
1 0 0 1 640
1 0 0 0 537
1 0 0 0 735
1 0 0 1 510
1 0 0 0 612
1 0 0 0 1478
1 0 0 0 645
1 0 0 0 809
1 0 0 1 687
1 0 0 0 696
1 0 0 0 632
1 0 0 0 617
1 0 0 0 901
1 0 0 0 688
1 0 0 0 712
1 0 1 3 517
1 0 1 3 300
1 0 1 3 862
1 0 1 3 493
1 0 1 3 738
1 0 1 3 1012
1 0 1 3 415
1 0 1 3 565
1 0 1 3 524
1 0 1 3 626
1 0 1 3 961
1 0 1 3 616
1 0 1 2 792
1 0 1 3 624
1 0 1 3 573
1 0 1 3 600
1 0 1 3 444
1 0 1 3 1081
1 0 1 3 541
1 0 1 3 611
1 0 1 3 592
1 0 1 3 1077
1 0 1 3 650
1 0 1 3 612
1 0 1 3 619
1 0 1 2 883
1 0 1 3 592
1 0 1 3 689
1 0 1 3 780
1 0 1 3 653
2 0 0 0 351
2 0 0 0 331
2 0 0 0 397
2 0 0 0 614
2 0 0 1 555
2 0 0 0 619
2 0 0 0 443
2 0 0 0 731
2 0 0 0 673
2 0 0 0 592
2 0 0 0 492
2 0 0 1 1007
2 0 0 0 471
2 0 0 0 831
2 0 0 0 481
2 0 0 0 679
2 0 0 0 679
2 0 0 1 730
2 0 0 0 318
2 0 0 0 634
2 0 0 1 552
2 0 0 0 619
2 0 0 0 496
2 0 0 0 387
2 0 0 0 939
2 0 0 0 710
2 0 0 1 969
2 0 0 0 465
2 0 0 0 592
2 0 0 1 597
2 0 1 3 481
2 0 1 3 670
2 0 1 3 471
2 0 1 2 613
2 0 1 3 448
2 0 1 3 416
2 0 1 3 475
2 0 1 3 513
2 0 1 3 763
2 0 1 3 431
2 0 1 2 409
2 0 1 3 767
2 0 1 3 560
2 0 1 3 947
2 0 1 3 875
2 0 1 3 509
2 0 1 3 599
2 0 1 2 550
2 0 1 2 916
2 0 1 2 560
2 0 1 3 1314
2 0 1 3 330
2 0 1 3 652
2 0 1 2 375
2 0 1 2 432
2 0 1 2 581
2 0 1 3 426
2 0 1 2 869
2 0 1 3 583
2 0 1 2 434
3 0 0 1 810
3 0 0 1 779
3 0 0 0 760
3 0 0 0 561
3 0 0 0 557
3 0 0 0 1160
3 0 0 0 541
3 0 0 1 1041
3 0 0 0 633
3 0 0 0 739
3 0 0 0 585
3 0 0 1 530
3 0 0 0 572
3 0 0 0 527
3 0 0 0 448
3 0 0 1 1130
3 0 0 0 519
3 0 0 0 775
3 0 0 1 749
3 0 0 0 519
3 0 0 0 420
3 0 0 1 595
3 0 0 0 674
3 0 0 1 623
3 0 0 1 624
3 0 0 0 312
3 0 0 1 588
3 0 0 0 813
3 0 0 1 618
3 0 0 1 699
3 0 1 3 804
3 0 1 2 759
3 0 1 2 883
3 0 1 2 1033
3 0 1 3 692
3 0 1 3 527
3 0 1 3 459
3 0 1 2 717
3 0 1 3 480
3 0 1 3 816
3 0 1 3 409
3 0 1 2 1026
3 0 1 3 522
3 0 1 3 484
3 0 1 3 568
3 0 1 3 528
3 0 1 3 437
3 0 1 3 462
3 0 1 2 748
3 0 1 3 643
3 0 1 3 642
3 0 1 3 417
3 0 1 3 817
3 0 1 2 1023
3 0 1 3 691
3 0 1 3 800
3 0 1 2 670
3 0 1 3 899
3 0 1 3 782
3 0 1 3 1021
4 0 0 0 971
4 0 0 0 611
4 0 0 0 497
4 0 0 0 384
4 0 0 0 742
4 0 0 0 492
4 0 0 0 519
4 0 0 0 625
4 0 0 0 960
4 0 0 1 638
4 0 0 1 626
4 0 0 0 365
4 0 0 0 552
4 0 0 0 544
4 0 0 0 753
4 0 0 0 711
4 0 0 0 589
4 0 0 0 673
4 0 0 0 653
4 0 0 0 462
4 0 0 0 806
4 0 0 0 365
4 0 0 0 523
4 0 0 0 465
4 0 0 0 674
4 0 0 1 582
4 0 0 0 497
4 0 0 1 843
4 0 0 0 1024
4 0 0 0 892
4 0 1 3 672
4 0 1 3 669
4 0 1 2 825
4 0 1 3 601
4 0 1 3 458
4 0 1 2 792
4 0 1 2 677
4 0 1 3 584
4 0 1 3 442
4 0 1 3 1061
4 0 1 3 710
4 0 1 3 525
4 0 1 3 1063
4 0 1 3 523
4 0 1 3 998
4 0 1 3 665
4 0 1 3 635
4 0 1 2 698
4 0 1 2 315
4 0 1 3 758
4 0 1 3 729
4 0 1 3 695
4 0 1 3 255
4 0 1 3 507
4 0 1 3 541
4 0 1 3 385
4 0 1 3 576
4 0 1 3 623
4 0 1 3 532
4 0 1 3 626
5 0 0 1 514
5 0 0 0 505
5 0 0 1 657
5 0 0 0 775
5 0 0 0 562
5 0 0 0 740
5 0 0 0 547
5 0 0 1 700
5 0 0 1 812
5 0 0 0 444
5 0 0 1 653
5 0 0 0 603
5 0 0 1 785
5 0 0 0 488
5 0 0 1 613
5 0 0 0 472
5 0 0 1 675
5 0 0 0 534
5 0 0 0 628
5 0 0 1 428
5 0 0 0 508
5 0 0 0 421
5 0 0 0 466
5 0 0 0 596
5 0 0 0 557
5 0 0 0 476
5 0 0 1 426
5 0 0 0 349
5 0 0 0 303
5 0 0 0 593
5 0 1 3 502
5 0 1 3 895
5 0 1 2 492
5 0 1 3 662
5 0 1 3 503
5 0 1 3 806
5 0 1 3 1001
5 0 1 3 603
5 0 1 3 727
5 0 1 3 848
5 0 1 3 798
5 0 1 3 593
5 0 1 3 943
5 0 1 2 685
5 0 1 3 415
5 0 1 2 746
5 0 1 3 725
5 0 1 3 593
5 0 1 3 723
5 0 1 2 388
5 0 1 3 732
5 0 1 3 768
5 0 1 3 469
5 0 1 3 725
5 0 1 2 625
5 0 1 2 834
5 0 1 3 620
5 0 1 3 572
5 0 1 3 653
5 0 1 3 758
6 0 0 0 597
6 0 0 0 757
6 0 0 0 495
6 0 0 0 523
6 0 0 1 627
6 0 0 1 641
6 0 0 0 436
6 0 0 0 634
6 0 0 0 616
6 0 0 0 528
6 0 0 0 766
6 0 0 0 570
6 0 0 0 674
6 0 0 1 832
6 0 0 0 574
6 0 0 1 655
6 0 0 0 437
6 0 0 1 423
6 0 0 0 389
6 0 0 0 575
6 0 0 0 772
6 0 0 0 571
6 0 0 1 659
6 0 0 1 660
6 0 0 1 564
6 0 0 1 573
6 0 0 1 467
6 0 0 1 525
6 0 0 1 767
6 0 0 0 542
6 0 1 3 510
6 0 1 2 1000
6 0 1 3 858
6 0 1 2 743
6 0 1 2 584
6 0 1 3 1053
6 0 1 3 698
6 0 1 3 616
6 0 1 3 702
6 0 1 3 622
6 0 1 3 565
6 0 1 3 745
6 0 1 3 957
6 0 1 3 452
6 0 1 3 672
6 0 1 3 577
6 0 1 3 690
6 0 1 3 489
6 0 1 3 386
6 0 1 3 424
6 0 1 3 687
6 0 1 2 696
6 0 1 3 466
6 0 1 3 712
6 0 1 3 450
6 0 1 2 1057
6 0 1 2 758
6 0 1 3 538
6 0 1 3 382
6 0 1 3 534
7 0 0 0 397
7 0 0 0 384
7 0 0 0 457
7 0 0 0 391
7 0 0 0 481
7 0 0 0 657
7 0 0 1 596
7 0 0 1 490
7 0 0 1 410
7 0 0 1 594
7 0 0 0 510
7 0 0 0 483
7 0 0 0 408
7 0 0 1 558
7 0 0 0 715
7 0 0 1 482
7 0 0 1 442
7 0 0 1 573
7 0 0 0 522
7 0 0 1 473
7 0 0 1 488
7 0 0 0 603
7 0 0 0 456
7 0 0 0 451
7 0 0 1 426
7 0 0 1 619
7 0 0 1 848
7 0 0 1 482
7 0 0 1 470
7 0 0 1 568
7 0 1 3 426
7 0 1 3 494
7 0 1 2 732
7 0 1 2 712
7 0 1 3 410
7 0 1 3 687
7 0 1 3 229
7 0 1 2 1252
7 0 1 3 508
7 0 1 3 418
7 0 1 3 354
7 0 1 3 345
7 0 1 3 663
7 0 1 3 735
7 0 1 3 532
7 0 1 3 474
7 0 1 2 542
7 0 1 3 342
7 0 1 3 469
7 0 1 3 839
7 0 1 3 722
7 0 1 3 509
7 0 1 3 387
7 0 1 3 727
7 0 1 3 787
7 0 1 3 682
7 0 1 3 939
7 0 1 3 323
7 0 1 3 958
7 0 1 3 500
8 0 0 1 627
8 0 0 1 567
8 0 0 1 860
8 0 0 0 497
8 0 0 0 504
8 0 0 1 452
8 0 0 1 337
8 0 0 0 706
8 0 0 1 599
8 0 0 0 721
8 0 0 0 465
8 0 0 0 510
8 0 0 0 496
8 0 0 0 606
8 0 0 0 766
8 0 0 0 584
8 0 0 0 584
8 0 0 0 527
8 0 0 0 839
8 0 0 0 696
8 0 0 1 601
8 0 0 1 480
8 0 0 1 486
8 0 0 0 600
8 0 0 1 608
8 0 0 0 776
8 0 0 1 513
8 0 0 0 502
8 0 0 0 632
8 0 0 0 713
8 0 1 3 604
8 0 1 2 982
8 0 1 3 517
8 0 1 3 602
8 0 1 2 789
8 0 1 2 470
8 0 1 3 711
8 0 1 3 512
8 0 1 3 588
8 0 1 3 498
8 0 1 3 695
8 0 1 3 516
8 0 1 3 470
8 0 1 3 439
8 0 1 3 414
8 0 1 3 399
8 0 1 3 594
8 0 1 3 997
8 0 1 3 514
8 0 1 3 663
8 0 1 3 499
8 0 1 3 562
8 0 1 3 423
8 0 1 3 737
8 0 1 3 690
8 0 1 3 400
8 0 1 2 900
8 0 1 3 539
8 0 1 3 448
8 0 1 3 706
9 0 0 1 594
9 0 0 0 711
9 0 0 0 649
9 0 0 0 612
9 0 0 1 974
9 0 0 0 488
9 0 0 0 1002
9 0 0 0 597
9 0 0 0 760
9 0 0 0 704
9 0 0 0 837
9 0 0 0 525
9 0 0 0 454
9 0 0 0 804
9 0 0 0 642
9 0 0 0 689
9 0 0 1 614
9 0 0 0 555
9 0 0 0 725
9 0 0 0 1024
9 0 0 0 790
9 0 0 0 713
9 0 0 0 543
9 0 0 0 520
9 0 0 1 754
9 0 0 1 452
9 0 0 1 820
9 0 0 1 848
9 0 0 0 527
9 0 0 0 639
9 0 1 3 652
9 0 1 3 592
9 0 1 2 893
9 0 1 3 693
9 0 1 3 617
9 0 1 3 604
9 0 1 2 637
9 0 1 3 892
9 0 1 3 806
9 0 1 3 571
9 0 1 3 569
9 0 1 3 505
9 0 1 3 1153
9 0 1 3 775
9 0 1 3 601
9 0 1 3 661
9 0 1 3 657
9 0 1 3 833
9 0 1 3 667
9 0 1 3 670
9 0 1 2 703
9 0 1 3 632
9 0 1 3 606
9 0 1 2 689
9 0 1 2 787
9 0 1 2 694
9 0 1 3 641
9 0 1 3 825
9 0 1 3 487
9 0 1 3 917
10 0 0 0 1119
10 0 0 0 580
10 0 0 1 579
10 0 0 1 558
10 0 0 0 802
10 0 0 0 553
10 0 0 0 669
10 0 0 0 969
10 0 0 0 707
10 0 0 0 584
10 0 0 0 507
10 0 0 0 531
10 0 0 0 743
10 0 0 1 476
10 0 0 0 743
10 0 0 0 608
10 0 0 0 570
10 0 0 1 637
10 0 0 0 587
10 0 0 0 755
10 0 0 1 416
10 0 0 0 631
10 0 0 1 793
10 0 0 0 832
10 0 0 0 509
10 0 0 0 578
10 0 0 0 896
10 0 0 0 514
10 0 0 0 914
10 0 0 0 910
10 0 1 3 470
10 0 1 3 807
10 0 1 3 730
10 0 1 2 774
10 0 1 3 486
10 0 1 2 1330
10 0 1 2 870
10 0 1 3 414
10 0 1 3 647
10 0 1 3 537
10 0 1 2 781
10 0 1 3 879
10 0 1 3 710
10 0 1 3 386
10 0 1 3 485
10 0 1 3 1509
10 0 1 2 695
10 0 1 3 772
10 0 1 3 457
10 0 1 2 756
10 0 1 3 523
10 0 1 3 530
10 0 1 3 1455
10 0 1 3 584
10 0 1 2 695
10 0 1 3 525
10 0 1 3 857
10 0 1 2 912
10 0 1 3 1360
10 0 1 2 630
11 0 0 0 1092
11 0 0 0 663
11 0 0 0 1018
11 0 0 0 560
11 0 0 0 576
11 0 0 0 718
11 0 0 0 1021
11 0 0 0 1103
11 0 0 0 650
11 0 0 0 701
11 0 0 0 929
11 0 0 0 711
11 0 0 0 564
11 0 0 0 514
11 0 0 0 1079
11 0 0 0 783
11 0 0 0 842
11 0 0 1 796
11 0 0 0 512
11 0 0 0 615
11 0 0 0 519
11 0 0 0 574
11 0 0 0 888
11 0 0 0 629
11 0 0 0 924
11 0 0 0 610
11 0 0 0 623
11 0 0 0 569
11 0 0 0 713
11 0 0 0 601
11 0 1 2 802
11 0 1 2 929
11 0 1 2 638
11 0 1 3 558
11 0 1 3 440
11 0 1 3 472
11 0 1 2 598
11 0 1 2 574
11 0 1 2 726
11 0 1 3 1257
11 0 1 3 729
11 0 1 2 527
11 0 1 3 416
11 0 1 2 654
11 0 1 2 736
11 0 1 3 784
11 0 1 2 987
11 0 1 3 937
11 0 1 3 657
11 0 1 3 677
11 0 1 3 648
11 0 1 3 709
11 0 1 3 881
11 0 1 3 823
11 0 1 2 817
11 0 1 2 752
11 0 1 2 746
11 0 1 3 601
11 0 1 3 557
11 0 1 2 620
12 0 0 0 1395
12 0 0 0 544
12 0 0 0 567
12 0 0 0 670
12 0 0 0 734
12 0 0 1 489
12 0 0 0 739
12 0 0 1 933
12 0 0 0 683
12 0 0 0 566
12 0 0 0 814
12 0 0 0 692
12 0 0 0 806
12 0 0 1 924
12 0 0 0 666
12 0 0 0 787
12 0 0 0 673
12 0 0 0 633
12 0 0 1 773
12 0 0 0 683
12 0 0 0 790
12 0 0 0 768
12 0 0 0 796
12 0 0 0 572
12 0 0 0 847
12 0 0 0 917
12 0 0 0 843
12 0 0 0 871
12 0 0 0 844
12 0 0 1 581
12 0 1 3 689
12 0 1 2 804
12 0 1 2 821
12 0 1 3 351
12 0 1 2 801
12 0 1 3 568
12 0 1 2 1044
12 0 1 3 553
12 0 1 2 836
12 0 1 3 1060
12 0 1 3 1222
12 0 1 3 594
12 0 1 3 426
12 0 1 2 746
12 0 1 2 548
12 0 1 3 703
12 0 1 3 772
12 0 1 3 580
12 0 1 2 771
12 0 1 3 664
12 0 1 3 571
12 0 1 3 705
12 0 1 3 630
12 0 1 3 383
12 0 1 3 602
12 0 1 3 687
12 0 1 3 1060
12 0 1 2 655
12 0 1 3 716
12 0 1 2 825
13 0 0 0 658
13 0 0 0 705
13 0 0 0 459
13 0 0 1 509
13 0 0 0 790
13 0 0 0 836
13 0 0 0 497
13 0 0 0 615
13 0 0 0 450
13 0 0 0 552
13 0 0 0 720
13 0 0 0 429
13 0 0 0 685
13 0 0 0 529
13 0 0 0 497
13 0 0 0 495
13 0 0 1 621
13 0 0 0 620
13 0 0 0 714
13 0 0 1 599
13 0 0 1 758
13 0 0 0 531
13 0 0 1 926
13 0 0 0 579
13 0 0 1 757
13 0 0 1 459
13 0 0 0 497
13 0 0 0 821
13 0 0 0 320
13 0 0 0 500
13 0 1 3 848
13 0 1 2 581
13 0 1 3 664
13 0 1 3 625
13 0 1 2 574
13 0 1 3 426
13 0 1 3 513
13 0 1 2 511
13 0 1 3 468
13 0 1 3 795
13 0 1 3 550
13 0 1 3 645
13 0 1 3 340
13 0 1 2 282
13 0 1 3 396
13 0 1 3 573
13 0 1 2 495
13 0 1 3 843
13 0 1 3 499
13 0 1 2 576
13 0 1 3 627
13 0 1 2 603
13 0 1 3 348
13 0 1 3 323
13 0 1 3 451
13 0 1 3 803
13 0 1 3 882
13 0 1 3 489
13 0 1 2 428
13 0 1 3 862
14 0 0 0 780
14 0 0 0 873
14 0 0 0 723
14 0 0 0 682
14 0 0 0 804
14 0 0 0 709
14 0 0 0 823
14 0 0 0 1121
14 0 0 1 585
14 0 0 1 791
14 0 0 0 855
14 0 0 0 817
14 0 0 0 831
14 0 0 1 384
14 0 0 0 726
14 0 0 0 594
14 0 0 0 686
14 0 0 0 1133
14 0 0 0 755
14 0 0 0 550
14 0 0 0 677
14 0 0 0 549
14 0 0 0 533
14 0 0 0 626
14 0 0 0 786
14 0 0 0 526
14 0 0 0 760
14 0 0 0 775
14 0 0 0 638
14 0 0 0 530
14 0 1 3 548
14 0 1 3 521
14 0 1 2 560
14 0 1 3 496
14 0 1 3 404
14 0 1 2 1032
14 0 1 3 786
14 0 1 2 732
14 0 1 3 962
14 0 1 3 1005
14 0 1 3 834
14 0 1 3 679
14 0 1 3 361
14 0 1 3 632
14 0 1 2 857
14 0 1 3 549
14 0 1 3 319
14 0 1 2 673
14 0 1 3 833
14 0 1 3 752
14 0 1 2 978
14 0 1 3 785
14 0 1 3 1311
14 0 1 3 503
14 0 1 3 649
14 0 1 3 879
14 0 1 3 594
14 0 1 3 694
14 0 1 3 722
14 0 1 2 1005
15 0 0 1 660
15 0 0 0 637
15 0 0 0 788
15 0 0 1 466
15 0 0 1 606
15 0 0 0 755
15 0 0 0 595
15 0 0 1 608
15 0 0 0 468
15 0 0 0 730
15 0 0 1 563
15 0 0 0 488
15 0 0 1 720
15 0 0 0 408
15 0 0 0 888
15 0 0 0 459
15 0 0 0 544
15 0 0 1 427
15 0 0 0 756
15 0 0 0 504
15 0 0 0 511
15 0 0 0 434
15 0 0 1 555
15 0 0 1 552
15 0 0 1 453
15 0 0 1 786
15 0 0 1 393
15 0 0 1 507
15 0 0 0 585
15 0 0 1 737
15 0 1 3 356
15 0 1 3 466
15 0 1 3 509
15 0 1 2 702
15 0 1 3 531
15 0 1 2 856
15 0 1 3 587
15 0 1 2 1293
15 0 1 3 382
15 0 1 2 568
15 0 1 3 532
15 0 1 2 1226
15 0 1 3 690
15 0 1 3 450
15 0 1 2 993
15 0 1 3 532
15 0 1 3 523
15 0 1 3 690
15 0 1 2 604
15 0 1 3 821
15 0 1 2 839
15 0 1 3 677
15 0 1 3 847
15 0 1 3 163
15 0 1 3 548
15 0 1 3 1093
15 0 1 3 1091
15 0 1 3 551
15 0 1 2 702
15 0 1 3 745
16 0 0 0 582
16 0 0 0 447
16 0 0 0 707
16 0 0 0 645
16 0 0 0 558
16 0 0 0 731
16 0 0 0 700
16 0 0 0 678
16 0 0 1 579
16 0 0 0 515
16 0 0 0 595
16 0 0 0 398
16 0 0 0 639
16 0 0 0 854
16 0 0 0 501
16 0 0 0 532
16 0 0 0 665
16 0 0 0 871
16 0 0 1 621
16 0 0 0 536
16 0 0 0 853
16 0 0 0 468
16 0 0 0 600
16 0 0 0 568
16 0 0 0 732
16 0 0 0 548
16 0 0 0 491
16 0 0 1 702
16 0 0 1 550
16 0 0 1 743
16 0 1 3 563
16 0 1 2 655
16 0 1 3 430
16 0 1 3 800
16 0 1 3 465
16 0 1 3 801
16 0 1 3 631
16 0 1 3 700
16 0 1 3 808
16 0 1 3 1214
16 0 1 3 825
16 0 1 2 671
16 0 1 3 779
16 0 1 3 578
16 0 1 3 995
16 0 1 3 498
16 0 1 3 919
16 0 1 3 710
16 0 1 3 707
16 0 1 3 662
16 0 1 2 536
16 0 1 2 422
16 0 1 2 701
16 0 1 2 676
16 0 1 2 768
16 0 1 3 769
16 0 1 3 845
16 0 1 3 557
16 0 1 3 599
16 0 1 2 678
17 0 0 0 555
17 0 0 0 753
17 0 0 0 636
17 0 0 1 514
17 0 0 1 807
17 0 0 1 660
17 0 0 0 655
17 0 0 1 496
17 0 0 1 812
17 0 0 0 574
17 0 0 1 699
17 0 0 0 631
17 0 0 0 679
17 0 0 0 455
17 0 0 0 999
17 0 0 1 656
17 0 0 1 500
17 0 0 0 785
17 0 0 1 610
17 0 0 0 704
17 0 0 0 462
17 0 0 0 598
17 0 0 0 792
17 0 0 0 609
17 0 0 0 694
17 0 0 0 774
17 0 0 0 573
17 0 0 0 644
17 0 0 1 475
17 0 0 0 574
17 0 1 3 630
17 0 1 3 642
17 0 1 3 326
17 0 1 2 664
17 0 1 3 476
17 0 1 3 910
17 0 1 3 686
17 0 1 3 490
17 0 1 3 946
17 0 1 3 690
17 0 1 3 509
17 0 1 3 417
17 0 1 2 719
17 0 1 2 794
17 0 1 3 1039
17 0 1 3 586
17 0 1 3 463
17 0 1 2 1132
17 0 1 3 838
17 0 1 3 635
17 0 1 3 958
17 0 1 2 673
17 0 1 3 463
17 0 1 3 627
17 0 1 3 509
17 0 1 3 720
17 0 1 3 386
17 0 1 3 400
17 0 1 3 800
17 0 1 3 640
18 0 0 0 535
18 0 0 0 489
18 0 0 0 759
18 0 0 0 677
18 0 0 0 992
18 0 0 1 686
18 0 0 1 419
18 0 0 0 568
18 0 0 1 626
18 0 0 0 829
18 0 0 0 912
18 0 0 0 800
18 0 0 1 535
18 0 0 0 570
18 0 0 0 661
18 0 0 1 510
18 0 0 1 646
18 0 0 0 669
18 0 0 0 494
18 0 0 1 472
18 0 0 0 469
18 0 0 0 660
18 0 0 1 537
18 0 0 0 496
18 0 0 0 590
18 0 0 0 688
18 0 0 0 480
18 0 0 1 408
18 0 0 1 529
18 0 0 0 783
18 0 1 3 525
18 0 1 3 658
18 0 1 3 711
18 0 1 2 1141
18 0 1 2 690
18 0 1 3 518
18 0 1 3 556
18 0 1 3 823
18 0 1 3 441
18 0 1 3 740
18 0 1 3 779
18 0 1 2 712
18 0 1 3 568
18 0 1 3 375
18 0 1 3 506
18 0 1 3 564
18 0 1 3 554
18 0 1 2 1098
18 0 1 3 1915
18 0 1 3 464
18 0 1 3 644
18 0 1 3 847
18 0 1 3 579
18 0 1 3 877
18 0 1 3 493
18 0 1 2 703
18 0 1 3 478
18 0 1 2 739
18 0 1 3 516
18 0 1 3 513
19 0 0 0 647
19 0 0 0 516
19 0 0 1 949
19 0 0 0 1197
19 0 0 0 986
19 0 0 1 798
19 0 0 0 598
19 0 0 0 512
19 0 0 1 652
19 0 0 0 749
19 0 0 0 932
19 0 0 1 598
19 0 0 0 573
19 0 0 1 607
19 0 0 0 604
19 0 0 0 699
19 0 0 1 707
19 0 0 0 694
19 0 0 0 694
19 0 0 1 776
19 0 0 0 516
19 0 0 0 695
19 0 0 0 647
19 0 0 1 525
19 0 0 0 735
19 0 0 0 937
19 0 0 0 667
19 0 0 0 1037
19 0 0 0 885
19 0 0 0 692
19 0 1 3 482
19 0 1 3 896
19 0 1 2 833
19 0 1 3 447
19 0 1 3 645
19 0 1 3 521
19 0 1 3 556
19 0 1 3 516
19 0 1 3 726
19 0 1 2 581
19 0 1 3 549
19 0 1 2 860
19 0 1 2 864
19 0 1 3 849
19 0 1 2 679
19 0 1 3 646
19 0 1 2 717
19 0 1 2 565
19 0 1 3 503
19 0 1 3 660
19 0 1 3 681
19 0 1 3 441
19 0 1 3 576
19 0 1 3 1217
19 0 1 3 407
19 0 1 3 638
19 0 1 3 506
19 0 1 2 667
19 0 1 3 715
19 0 1 3 748
20 0 0 0 381
20 0 0 0 505
20 0 0 0 495
20 0 0 0 719
20 0 0 0 633
20 0 0 0 515
20 0 0 0 914
20 0 0 0 478
20 0 0 0 822
20 0 0 0 580
20 0 0 0 513
20 0 0 0 630
20 0 0 1 612
20 0 0 0 557
20 0 0 0 612
20 0 0 0 1017
20 0 0 0 636
20 0 0 1 647
20 0 0 1 892
20 0 0 0 561
20 0 0 0 948
20 0 0 0 513
20 0 0 0 733
20 0 0 1 592
20 0 0 1 873
20 0 0 0 590
20 0 0 0 365
20 0 0 0 605
20 0 0 0 937
20 0 0 0 787
20 0 1 3 666
20 0 1 3 327
20 0 1 2 430
20 0 1 3 941
20 0 1 3 1013
20 0 1 2 579
20 0 1 3 974
20 0 1 3 815
20 0 1 2 975
20 0 1 2 604
20 0 1 3 633
20 0 1 3 641
20 0 1 2 829
20 0 1 3 345
20 0 1 3 377
20 0 1 3 530
20 0 1 3 476
20 0 1 3 516
20 0 1 3 423
20 0 1 3 431
20 0 1 3 658
20 0 1 2 789
20 0 1 3 520
20 0 1 3 363
20 0 1 3 576
20 0 1 3 437
20 0 1 2 947
20 0 1 3 362
20 0 1 3 832
20 0 1 2 576
21 0 0 1 524
21 0 0 0 984
21 0 0 0 573
21 0 0 1 558
21 0 0 0 844
21 0 0 0 795
21 0 0 0 694
21 0 0 0 536
21 0 0 0 618
21 0 0 1 586
21 0 0 1 578
21 0 0 0 701
21 0 0 1 805
21 0 0 0 927
21 0 0 0 561
21 0 0 0 527
21 0 0 0 665
21 0 0 1 496
21 0 0 0 473
21 0 0 0 533
21 0 0 0 894
21 0 0 0 672
21 0 0 1 960
21 0 0 0 710
21 0 0 0 445
21 0 0 0 623
21 0 0 0 514
21 0 0 1 459
21 0 0 0 677
21 0 0 0 628
21 0 1 3 783
21 0 1 3 405
21 0 1 3 744
21 0 1 3 564
21 0 1 3 574
21 0 1 3 611
21 0 1 2 870
21 0 1 3 382
21 0 1 3 566
21 0 1 3 484
21 0 1 3 393
21 0 1 3 643
21 0 1 2 1211
21 0 1 3 581
21 0 1 2 730
21 0 1 3 576
21 0 1 3 608
21 0 1 3 457
21 0 1 3 573
21 0 1 2 852
21 0 1 3 580
21 0 1 3 659
21 0 1 3 853
21 0 1 2 1007
21 0 1 3 630
21 0 1 2 1129
21 0 1 3 473
21 0 1 3 517
21 0 1 3 425
21 0 1 2 972
22 0 0 0 590
22 0 0 0 842
22 0 0 0 761
22 0 0 0 575
22 0 0 1 1157
22 0 0 0 675
22 0 0 0 733
22 0 0 0 337
22 0 0 0 780
22 0 0 0 703
22 0 0 0 552
22 0 0 0 495
22 0 0 0 549
22 0 0 0 753
22 0 0 0 638
22 0 0 1 608
22 0 0 0 804
22 0 0 1 590
22 0 0 0 482
22 0 0 0 828
22 0 0 0 398
22 0 0 0 672
22 0 0 0 563
22 0 0 0 643
22 0 0 1 572
22 0 0 0 1000
22 0 0 0 735
22 0 0 1 543
22 0 0 0 665
22 0 0 0 720
22 0 1 3 554
22 0 1 3 459
22 0 1 3 735
22 0 1 3 494
22 0 1 3 665
22 0 1 3 609
22 0 1 2 756
22 0 1 3 605
22 0 1 2 718
22 0 1 3 739
22 0 1 2 572
22 0 1 2 917
22 0 1 3 473
22 0 1 2 746
22 0 1 3 476
22 0 1 3 467
22 0 1 3 687
22 0 1 2 805
22 0 1 2 747
22 0 1 3 759
22 0 1 2 558
22 0 1 2 903
22 0 1 3 820
22 0 1 3 414
22 0 1 3 636
22 0 1 3 483
22 0 1 3 560
22 0 1 2 857
22 0 1 3 973
22 0 1 2 747
23 0 0 0 857
23 0 0 0 1294
23 0 0 1 574
23 0 0 0 646
23 0 0 1 594
23 0 0 0 507
23 0 0 1 515
23 0 0 0 654
23 0 0 0 826
23 0 0 0 619
23 0 0 0 545
23 0 0 1 878
23 0 0 0 549
23 0 0 1 903
23 0 0 0 485
23 0 0 0 571
23 0 0 1 720
23 0 0 0 731
23 0 0 0 580
23 0 0 1 812
23 0 0 0 595
23 0 0 0 389
23 0 0 0 601
23 0 0 0 656
23 0 0 0 639
23 0 0 0 631
23 0 0 0 610
23 0 0 0 570
23 0 0 0 943
23 0 0 0 831
23 0 1 3 570
23 0 1 3 640
23 0 1 2 640
23 0 1 2 721
23 0 1 3 754
23 0 1 3 655
23 0 1 2 676
23 0 1 2 1110
23 0 1 3 623
23 0 1 3 389
23 0 1 3 637
23 0 1 3 763
23 0 1 2 689
23 0 1 3 562
23 0 1 3 573
23 0 1 3 534
23 0 1 3 617
23 0 1 3 619
23 0 1 3 523
23 0 1 3 679
23 0 1 3 985
23 0 1 2 688
23 0 1 3 790
23 0 1 2 602
23 0 1 3 394
23 0 1 3 541
23 0 1 3 615
23 0 1 2 681
23 0 1 2 970
23 0 1 3 557
24 0 0 0 763
24 0 0 0 528
24 0 0 0 580
24 0 0 1 821
24 0 0 0 884
24 0 0 0 963
24 0 0 0 600
24 0 0 0 556
24 0 0 0 1148
24 0 0 0 785
24 0 0 0 699
24 0 0 0 463
24 0 0 1 881
24 0 0 0 869
24 0 0 0 581
24 0 0 0 598
24 0 0 0 507
24 0 0 0 650
24 0 0 0 639
24 0 0 0 702
24 0 0 0 713
24 0 0 0 784
24 0 0 0 502
24 0 0 0 589
24 0 0 0 770
24 0 0 0 882
24 0 0 0 616
24 0 0 0 529
24 0 0 1 824
24 0 0 0 696
24 0 1 2 801
24 0 1 3 646
24 0 1 3 805
24 0 1 3 1123
24 0 1 3 658
24 0 1 3 516
24 0 1 2 582
24 0 1 3 509
24 0 1 2 692
24 0 1 3 562
24 0 1 3 614
24 0 1 3 838
24 0 1 3 696
24 0 1 3 845
24 0 1 2 717
24 0 1 2 659
24 0 1 2 732
24 0 1 3 767
24 0 1 3 564
24 0 1 3 598
24 0 1 3 589
24 0 1 2 622
24 0 1 3 405
24 0 1 2 555
24 0 1 3 741
24 0 1 3 648
24 0 1 2 642
24 0 1 3 555
24 0 1 3 650
24 0 1 2 772
25 0 0 0 692
25 0 0 0 653
25 0 0 0 919
25 0 0 0 802
25 0 0 0 782
25 0 0 0 876
25 0 0 0 729
25 0 0 0 645
25 0 0 0 743
25 0 0 0 533
25 0 0 0 798
25 0 0 0 414
25 0 0 0 646
25 0 0 1 622
25 0 0 0 789
25 0 0 1 685
25 0 0 0 494
25 0 0 0 792
25 0 0 0 771
25 0 0 0 910
25 0 0 1 984
25 0 0 1 849
25 0 0 0 840
25 0 0 0 753
25 0 0 0 661
25 0 0 0 663
25 0 0 0 574
25 0 0 0 692
25 0 0 1 645
25 0 0 1 714
25 0 1 3 397
25 0 1 3 548
25 0 1 3 302
25 0 1 2 607
25 0 1 3 430
25 0 1 3 588
25 0 1 3 1144
25 0 1 3 846
25 0 1 3 623
25 0 1 3 625
25 0 1 3 912
25 0 1 3 671
25 0 1 3 784
25 0 1 3 667
25 0 1 3 488
25 0 1 3 587
25 0 1 2 508
25 0 1 3 617
25 0 1 3 687
25 0 1 2 611
25 0 1 2 909
25 0 1 3 751
25 0 1 3 567
25 0 1 3 566
25 0 1 3 396
25 0 1 2 726
25 0 1 3 580
25 0 1 3 439
25 0 1 2 797
25 0 1 2 522
26 0 0 0 509
26 0 0 1 607
26 0 0 0 423
26 0 0 1 639
26 0 0 1 404
26 0 0 0 537
26 0 0 1 576
26 0 0 1 869
26 0 0 0 730
26 0 0 1 578
26 0 0 1 446
26 0 0 0 564
26 0 0 0 766
26 0 0 0 553
26 0 0 0 547
26 0 0 1 588
26 0 0 0 561
26 0 0 0 591
26 0 0 1 464
26 0 0 1 565
26 0 0 1 757
26 0 0 1 812
26 0 0 0 390
26 0 0 0 635
26 0 0 0 524
26 0 0 0 444
26 0 0 1 577
26 0 0 0 405
26 0 0 0 363
26 0 0 0 583
26 0 1 3 804
26 0 1 3 1038
26 0 1 3 596
26 0 1 3 467
26 0 1 3 609
26 0 1 3 523
26 0 1 3 743
26 0 1 3 842
26 0 1 3 525
26 0 1 3 839
26 0 1 2 539
26 0 1 3 636
26 0 1 3 660
26 0 1 3 895
26 0 1 3 734
26 0 1 3 596
26 0 1 2 467
26 0 1 3 563
26 0 1 2 696
26 0 1 3 941
26 0 1 2 495
26 0 1 3 580
26 0 1 3 421
26 0 1 2 1323
26 0 1 3 597
26 0 1 2 1045
26 0 1 3 670
26 0 1 2 614
26 0 1 3 691
26 0 1 2 683
27 0 0 0 475
27 0 0 0 971
27 0 0 0 499
27 0 0 0 553
27 0 0 0 709
27 0 0 0 801
27 0 0 0 603
27 0 0 0 555
27 0 0 0 350
27 0 0 0 566
27 0 0 0 754
27 0 0 0 762
27 0 0 0 963
27 0 0 0 669
27 0 0 0 1044
27 0 0 0 408
27 0 0 0 533
27 0 0 0 564
27 0 0 0 551
27 0 0 0 840
27 0 0 0 654
27 0 0 0 634
27 0 0 0 688
27 0 0 0 775
27 0 0 0 397
27 0 0 0 714
27 0 0 0 550
27 0 0 0 493
27 0 0 0 554
27 0 0 0 611
27 0 1 3 382
27 0 1 3 510
27 0 1 2 632
27 0 1 3 842
27 0 1 3 583
27 0 1 3 550
27 0 1 3 403
27 0 1 3 741
27 0 1 3 568
27 0 1 3 1194
27 0 1 3 1371
27 0 1 3 472
27 0 1 3 543
27 0 1 3 596
27 0 1 3 933
27 0 1 3 515
27 0 1 3 751
27 0 1 3 376
27 0 1 3 298
27 0 1 2 321
27 0 1 3 485
27 0 1 3 945
27 0 1 2 648
27 0 1 2 613
27 0 1 3 418
27 0 1 3 444
27 0 1 2 539
27 0 1 2 547
27 0 1 3 571
27 0 1 2 355
28 0 0 0 858
28 0 0 1 624
28 0 0 0 580
28 0 0 1 572
28 0 0 0 899
28 0 0 0 546
28 0 0 0 450
28 0 0 0 470
28 0 0 1 580
28 0 0 1 758
28 0 0 1 741
28 0 0 0 903
28 0 0 1 621
28 0 0 0 593
28 0 0 0 836
28 0 0 0 690
28 0 0 0 631
28 0 0 1 818
28 0 0 0 496
28 0 0 0 525
28 0 0 0 755
28 0 0 0 596
28 0 0 0 446
28 0 0 1 521
28 0 0 0 471
28 0 0 0 670
28 0 0 1 621
28 0 0 1 1222
28 0 0 0 424
28 0 0 0 732
28 0 1 3 483
28 0 1 3 600
28 0 1 2 604
28 0 1 3 615
28 0 1 3 454
28 0 1 3 377
28 0 1 3 577
28 0 1 2 657
28 0 1 2 662
28 0 1 3 617
28 0 1 3 526
28 0 1 3 305
28 0 1 3 588
28 0 1 3 973
28 0 1 3 582
28 0 1 3 552
28 0 1 3 553
28 0 1 3 557
28 0 1 3 589
28 0 1 3 576
28 0 1 3 631
28 0 1 3 970
28 0 1 3 572
28 0 1 3 1120
28 0 1 2 1027
28 0 1 3 652
28 0 1 3 587
28 0 1 3 513
28 0 1 3 615
28 0 1 3 655
29 0 0 1 567
29 0 0 0 918
29 0 0 0 826
29 0 0 0 1128
29 0 0 0 855
29 0 0 0 1011
29 0 0 0 757
29 0 0 1 575
29 0 0 0 889
29 0 0 0 652
29 0 0 0 1113
29 0 0 0 594
29 0 0 1 1008
29 0 0 0 644
29 0 0 0 454
29 0 0 0 846
29 0 0 1 695
29 0 0 0 939
29 0 0 0 675
29 0 0 0 591
29 0 0 1 786
29 0 0 0 816
29 0 0 0 854
29 0 0 1 610
29 0 0 0 876
29 0 0 0 857
29 0 0 0 756
29 0 0 0 715
29 0 0 1 1052
29 0 0 0 774
29 0 1 2 788
29 0 1 2 728
29 0 1 3 727
29 0 1 3 859
29 0 1 3 539
29 0 1 2 782
29 0 1 3 676
29 0 1 3 813
29 0 1 2 1051
29 0 1 3 752
29 0 1 3 757
29 0 1 3 824
29 0 1 3 628
29 0 1 3 567
29 0 1 3 614
29 0 1 3 583
29 0 1 3 678
29 0 1 2 865
29 0 1 3 809
29 0 1 2 621
29 0 1 3 856
29 0 1 3 892
29 0 1 3 704
29 0 1 3 441
29 0 1 3 551
29 0 1 2 997
29 0 1 3 551
29 0 1 3 773
29 0 1 3 839
29 0 1 3 282
30 0 0 0 728
30 0 0 0 618
30 0 0 0 426
30 0 0 0 634
30 0 0 0 922
30 0 0 1 746
30 0 0 0 739
30 0 0 1 589
30 0 0 1 623
30 0 0 0 623
30 0 0 0 584
30 0 0 0 1015
30 0 0 1 534
30 0 0 0 487
30 0 0 0 596
30 0 0 0 442
30 0 0 0 598
30 0 0 0 473
30 0 0 0 517
30 0 0 0 637
30 0 0 0 463
30 0 0 1 508
30 0 0 0 401
30 0 0 0 627
30 0 0 0 614
30 0 0 0 544
30 0 0 0 680
30 0 0 1 783
30 0 0 0 788
30 0 0 1 1244
30 0 1 3 488
30 0 1 3 658
30 0 1 2 695
30 0 1 3 524
30 0 1 2 955
30 0 1 3 537
30 0 1 3 508
30 0 1 3 584
30 0 1 3 889
30 0 1 2 572
30 0 1 3 895
30 0 1 3 629
30 0 1 3 605
30 0 1 3 467
30 0 1 2 699
30 0 1 3 599
30 0 1 2 643
30 0 1 2 723
30 0 1 3 570
30 0 1 3 752
30 0 1 3 493
30 0 1 3 443
30 0 1 3 685
30 0 1 3 563
30 0 1 3 771
30 0 1 2 681
30 0 1 2 798
30 0 1 2 618
30 0 1 3 485
30 0 1 2 650
31 0 0 0 939
31 0 0 1 517
31 0 0 0 760
31 0 0 0 507
31 0 0 0 512
31 0 0 1 631
31 0 0 0 532
31 0 0 0 537
31 0 0 0 572
31 0 0 0 619
31 0 0 1 735
31 0 0 0 466
31 0 0 0 669
31 0 0 0 882
31 0 0 1 664
31 0 0 1 966
31 0 0 0 612
31 0 0 0 707
31 0 0 1 470
31 0 0 0 590
31 0 0 0 548
31 0 0 0 683
31 0 0 0 665
31 0 0 0 464
31 0 0 1 516
31 0 0 1 361
31 0 0 1 756
31 0 0 0 464
31 0 0 0 419
31 0 0 0 1257
31 0 1 3 433
31 0 1 3 492
31 0 1 3 530
31 0 1 2 649
31 0 1 3 1219
31 0 1 2 768
31 0 1 2 846
31 0 1 3 609
31 0 1 3 746
31 0 1 3 904
31 0 1 3 597
31 0 1 2 725
31 0 1 2 593
31 0 1 3 591
31 0 1 3 587
31 0 1 3 510
31 0 1 3 625
31 0 1 2 582
31 0 1 3 618
31 0 1 3 505
31 0 1 2 576
31 0 1 2 1065
31 0 1 2 629
31 0 1 3 515
31 0 1 3 714
31 0 1 3 434
31 0 1 2 1036
31 0 1 3 557
31 0 1 3 517
31 0 1 3 457
32 0 0 0 469
32 0 0 0 490
32 0 0 0 534
32 0 0 1 847
32 0 0 1 545
32 0 0 1 610
32 0 0 0 696
32 0 0 0 490
32 0 0 0 519
32 0 0 0 874
32 0 0 0 685
32 0 0 1 1000
32 0 0 0 415
32 0 0 0 711
32 0 0 0 772
32 0 0 1 705
32 0 0 1 945
32 0 0 1 623
32 0 0 0 544
32 0 0 0 576
32 0 0 0 589
32 0 0 0 608
32 0 0 1 452
32 0 0 0 507
32 0 0 0 612
32 0 0 0 598
32 0 0 0 538
32 0 0 0 543
32 0 0 1 573
32 0 0 0 488
32 0 1 3 820
32 0 1 3 504
32 0 1 3 477
32 0 1 2 526
32 0 1 2 669
32 0 1 3 859
32 0 1 3 474
32 0 1 3 722
32 0 1 2 496
32 0 1 3 509
32 0 1 3 527
32 0 1 3 507
32 0 1 2 755
32 0 1 2 540
32 0 1 3 607
32 0 1 3 811
32 0 1 2 643
32 0 1 3 493
32 0 1 2 566
32 0 1 2 396
32 0 1 3 555
32 0 1 2 541
32 0 1 2 519
32 0 1 3 943
32 0 1 3 708
32 0 1 3 652
32 0 1 3 552
32 0 1 2 630
32 0 1 3 943
32 0 1 3 1185
33 0 0 0 700
33 0 0 0 560
33 0 0 0 454
33 0 0 0 734
33 0 0 0 697
33 0 0 0 634
33 0 0 0 647
33 0 0 1 1001
33 0 0 0 724
33 0 0 0 662
33 0 0 1 412
33 0 0 0 689
33 0 0 0 1370
33 0 0 0 677
33 0 0 0 977
33 0 0 0 668
33 0 0 0 567
33 0 0 0 891
33 0 0 0 800
33 0 0 0 632
33 0 0 0 545
33 0 0 0 916
33 0 0 0 598
33 0 0 0 666
33 0 0 0 565
33 0 0 0 875
33 0 0 0 907
33 0 0 0 623
33 0 0 0 647
33 0 0 0 622
33 0 1 2 632
33 0 1 3 790
33 0 1 3 571
33 0 1 3 512
33 0 1 3 1061
33 0 1 3 914
33 0 1 2 704
33 0 1 3 969
33 0 1 3 591
33 0 1 3 607
33 0 1 2 770
33 0 1 2 672
33 0 1 3 652
33 0 1 2 883
33 0 1 3 589
33 0 1 2 902
33 0 1 3 1132
33 0 1 3 733
33 0 1 2 904
33 0 1 2 789
33 0 1 2 704
33 0 1 3 588
33 0 1 3 568
33 0 1 2 800
33 0 1 3 1037
33 0 1 2 984
33 0 1 2 1014
33 0 1 2 701
33 0 1 3 642
33 0 1 2 764
34 0 0 0 520
34 0 0 0 832
34 0 0 1 494
34 0 0 0 717
34 0 0 0 443
34 0 0 0 569
34 0 0 1 716
34 0 0 0 945
34 0 0 0 581
34 0 0 1 890
34 0 0 1 535
34 0 0 1 490
34 0 0 0 650
34 0 0 1 993
34 0 0 1 667
34 0 0 1 656
34 0 0 0 554
34 0 0 0 525
34 0 0 0 847
34 0 0 0 426
34 0 0 0 558
34 0 0 1 568
34 0 0 0 737
34 0 0 0 948
34 0 0 1 499
34 0 0 0 578
34 0 0 1 664
34 0 0 1 716
34 0 0 0 732
34 0 0 0 578
34 0 1 3 1086
34 0 1 3 423
34 0 1 3 421
34 0 1 2 666
34 0 1 3 674
34 0 1 3 619
34 0 1 3 403
34 0 1 3 590
34 0 1 2 998
34 0 1 3 410
34 0 1 3 593
34 0 1 3 623
34 0 1 3 603
34 0 1 3 498
34 0 1 3 630
34 0 1 3 618
34 0 1 3 419
34 0 1 3 853
34 0 1 3 818
34 0 1 2 731
34 0 1 3 559
34 0 1 3 637
34 0 1 2 828
34 0 1 2 538
34 0 1 3 725
34 0 1 3 399
34 0 1 3 564
34 0 1 2 594
34 0 1 3 803
34 0 1 3 534
35 0 0 0 660
35 0 0 1 452
35 0 0 0 462
35 0 0 0 668
35 0 0 0 559
35 0 0 1 626
35 0 0 1 472
35 0 0 1 441
35 0 0 0 784
35 0 0 0 789
35 0 0 1 873
35 0 0 0 555
35 0 0 1 591
35 0 0 1 510
35 0 0 0 713
35 0 0 0 661
35 0 0 0 651
35 0 0 0 554
35 0 0 1 572
35 0 0 0 715
35 0 0 1 404
35 0 0 0 756
35 0 0 0 650
35 0 0 0 586
35 0 0 1 567
35 0 0 0 552
35 0 0 0 663
35 0 0 0 778
35 0 0 1 503
35 0 0 0 570
35 0 1 3 959
35 0 1 3 665
35 0 1 3 594
35 0 1 3 812
35 0 1 2 843
35 0 1 3 601
35 0 1 3 633
35 0 1 3 508
35 0 1 3 662
35 0 1 3 704
35 0 1 3 808
35 0 1 3 532
35 0 1 3 627
35 0 1 2 902
35 0 1 2 693
35 0 1 3 589
35 0 1 3 502
35 0 1 3 327
35 0 1 2 564
35 0 1 3 480
35 0 1 3 876
35 0 1 3 581
35 0 1 3 400
35 0 1 3 827
35 0 1 3 536
35 0 1 2 741
35 0 1 3 605
35 0 1 3 618
35 0 1 3 1400
35 0 1 3 826
36 0 0 0 617
36 0 0 1 643
36 0 0 1 447
36 0 0 0 592
36 0 0 1 830
36 0 0 0 723
36 0 0 0 771
36 0 0 0 565
36 0 0 0 598
36 0 0 1 776
36 0 0 0 622
36 0 0 1 621
36 0 0 1 585
36 0 0 1 501
36 0 0 1 809
36 0 0 0 656
36 0 0 1 636
36 0 0 1 679
36 0 0 0 817
36 0 0 0 474
36 0 0 0 899
36 0 0 0 549
36 0 0 1 557
36 0 0 0 764
36 0 0 0 969
36 0 0 0 730
36 0 0 0 526
36 0 0 1 452
36 0 0 0 778
36 0 0 1 592
36 0 1 3 597
36 0 1 3 449
36 0 1 3 527
36 0 1 3 356
36 0 1 2 678
36 0 1 3 551
36 0 1 3 493
36 0 1 3 797
36 0 1 3 679
36 0 1 3 922
36 0 1 2 556
36 0 1 3 435
36 0 1 3 614
36 0 1 3 532
36 0 1 3 593
36 0 1 3 836
36 0 1 2 906
36 0 1 3 448
36 0 1 3 532
36 0 1 3 871
36 0 1 3 1006
36 0 1 3 662
36 0 1 3 621
36 0 1 2 672
36 0 1 2 728
36 0 1 2 685
36 0 1 3 733
36 0 1 3 200
36 0 1 3 446
36 0 1 3 805
37 0 0 0 506
37 0 0 0 486
37 0 0 0 615
37 0 0 0 568
37 0 0 0 629
37 0 0 0 470
37 0 0 0 810
37 0 0 0 527
37 0 0 0 752
37 0 0 1 766
37 0 0 0 659
37 0 0 0 501
37 0 0 0 603
37 0 0 0 588
37 0 0 0 532
37 0 0 0 943
37 0 0 0 420
37 0 0 0 406
37 0 0 0 411
37 0 0 0 639
37 0 0 0 475
37 0 0 0 815
37 0 0 0 721
37 0 0 0 736
37 0 0 0 625
37 0 0 0 648
37 0 0 0 877
37 0 0 0 656
37 0 0 1 1000
37 0 0 0 553
37 0 1 3 639
37 0 1 3 643
37 0 1 3 657
37 0 1 2 975
37 0 1 2 865
37 0 1 3 294
37 0 1 3 459
37 0 1 3 338
37 0 1 2 595
37 0 1 3 695
37 0 1 2 459
37 0 1 3 1042
37 0 1 3 591
37 0 1 3 745
37 0 1 3 891
37 0 1 2 580
37 0 1 3 607
37 0 1 2 829
37 0 1 2 580
37 0 1 2 734
37 0 1 3 352
37 0 1 2 798
37 0 1 3 662
37 0 1 2 578
37 0 1 2 527
37 0 1 3 686
37 0 1 3 419
37 0 1 2 656
37 0 1 3 360
37 0 1 3 374
38 0 0 0 543
38 0 0 0 519
38 0 0 1 680
38 0 0 0 552
38 0 0 0 632
38 0 0 0 746
38 0 0 0 698
38 0 0 0 566
38 0 0 1 477
38 0 0 0 718
38 0 0 1 755
38 0 0 0 778
38 0 0 1 598
38 0 0 0 1181
38 0 0 0 575
38 0 0 0 725
38 0 0 0 213
38 0 0 0 590
38 0 0 0 647
38 0 0 0 496
38 0 0 0 1142
38 0 0 0 666
38 0 0 0 523
38 0 0 0 653
38 0 0 0 414
38 0 0 0 759
38 0 0 0 773
38 0 0 0 478
38 0 0 1 557
38 0 0 0 714
38 0 1 2 634
38 0 1 3 634
38 0 1 2 812
38 0 1 3 633
38 0 1 3 769
38 0 1 3 423
38 0 1 3 591
38 0 1 3 782
38 0 1 3 489
38 0 1 3 431
38 0 1 3 531
38 0 1 3 612
38 0 1 3 566
38 0 1 3 822
38 0 1 3 665
38 0 1 2 1054
38 0 1 3 501
38 0 1 3 358
38 0 1 2 614
38 0 1 3 1118
38 0 1 2 591
38 0 1 3 836
38 0 1 2 893
38 0 1 3 333
38 0 1 3 1001
38 0 1 3 933
38 0 1 3 673
38 0 1 3 589
38 0 1 3 627
38 0 1 2 799
39 0 0 0 442
39 0 0 1 521
39 0 0 0 584
39 0 0 1 493
39 0 0 1 570
39 0 0 0 530
39 0 0 0 423
39 0 0 0 507
39 0 0 0 444
39 0 0 0 435
39 0 0 0 793
39 0 0 0 826
39 0 0 0 620
39 0 0 1 813
39 0 0 0 505
39 0 0 1 586
39 0 0 0 591
39 0 0 0 453
39 0 0 0 506
39 0 0 1 719
39 0 0 0 1010
39 0 0 0 660
39 0 0 0 488
39 0 0 0 609
39 0 0 0 473
39 0 0 0 526
39 0 0 1 724
39 0 0 0 510
39 0 0 0 624
39 0 0 0 466
39 0 1 3 411
39 0 1 3 629
39 0 1 3 559
39 0 1 3 1030
39 0 1 3 613
39 0 1 3 750
39 0 1 3 566
39 0 1 3 851
39 0 1 3 642
39 0 1 3 541
39 0 1 3 536
39 0 1 3 547
39 0 1 3 489
39 0 1 3 657
39 0 1 3 463
39 0 1 3 438
39 0 1 3 706
39 0 1 3 534
39 0 1 3 449
39 0 1 2 647
39 0 1 3 540
39 0 1 2 709
39 0 1 3 622
39 0 1 2 674
39 0 1 3 1188
39 0 1 3 600
39 0 1 3 974
39 0 1 3 496
39 0 1 3 509
39 0 1 3 555
