"subj" "group" "tree" "cat" "rt"
0 0 0 0 694
0 0 0 0 1422
0 0 0 0 609
0 0 0 0 1283
0 0 0 0 984
0 0 0 0 848
0 0 0 0 1213
0 0 0 0 597
0 0 0 0 795
0 0 0 0 961
0 0 0 0 866
0 0 0 0 906
0 0 0 0 823
0 0 0 0 1338
0 0 0 0 894
0 0 0 0 486
0 0 0 0 853
0 0 0 0 639
0 0 0 0 584
0 0 0 0 938
0 0 0 0 809
0 0 0 0 751
0 0 0 1 743
0 0 0 1 1583
0 0 0 1 1299
0 0 0 1 620
0 0 0 1 1155
0 0 0 1 736
0 0 0 1 922
0 0 0 1 694
0 0 1 2 884
0 0 1 2 1438
0 0 1 2 914
0 0 1 2 905
0 0 1 2 1906
0 0 1 2 664
0 0 1 2 974
0 0 1 2 1106
0 0 1 2 1137
0 0 1 2 671
0 0 1 2 1222
0 0 1 2 941
0 0 1 2 950
0 0 1 3 610
0 0 1 3 633
0 0 1 3 586
0 0 1 3 992
0 0 1 3 1009
0 0 1 3 458
0 0 1 3 1043
0 0 1 3 876
0 0 1 3 2108
0 0 1 3 913
0 0 1 3 676
0 0 1 3 1409
0 0 1 3 669
0 0 1 3 719
0 0 1 3 668
0 0 1 3 1682
0 0 1 3 399
1 0 0 0 692
1 0 0 0 592
1 0 0 0 839
1 0 0 0 1040
1 0 0 0 443
1 0 0 0 819
1 0 0 0 695
1 0 0 0 921
1 0 0 0 470
1 0 0 0 869
1 0 0 0 890
1 0 0 0 830
1 0 0 0 572
1 0 0 0 776
1 0 0 0 581
1 0 0 0 956
1 0 0 0 926
1 0 0 0 602
1 0 0 0 1179
1 0 0 0 767
1 0 0 0 832
1 0 0 0 1089
1 0 0 1 891
1 0 0 1 886
1 0 0 1 772
1 0 0 1 733
1 0 0 1 579
1 0 0 1 838
1 0 0 1 406
1 0 0 1 593
1 0 1 2 890
1 0 1 2 655
1 0 1 2 864
1 0 1 2 850
1 0 1 3 975
1 0 1 3 466
1 0 1 3 727
1 0 1 3 341
1 0 1 3 395
1 0 1 3 474
1 0 1 3 647
1 0 1 3 983
1 0 1 3 410
1 0 1 3 596
1 0 1 3 418
1 0 1 3 635
1 0 1 3 970
1 0 1 3 473
1 0 1 3 938
1 0 1 3 463
1 0 1 3 500
1 0 1 3 541
1 0 1 3 805
1 0 1 3 1038
1 0 1 3 629
1 0 1 3 371
1 0 1 3 875
1 0 1 3 568
1 0 1 3 632
1 0 1 3 679
2 0 0 0 1318
2 0 0 0 597
2 0 0 0 535
2 0 0 0 590
2 0 0 0 498
2 0 0 0 932
2 0 0 0 855
2 0 0 0 605
2 0 0 0 1971
2 0 0 0 543
2 0 0 0 646
2 0 0 0 1218
2 0 0 0 702
2 0 0 0 988
2 0 0 0 819
2 0 0 0 1882
2 0 0 0 586
2 0 0 0 1133
2 0 0 0 701
2 0 0 0 1046
2 0 0 1 885
2 0 0 1 1035
2 0 0 1 954
2 0 0 1 1146
2 0 0 1 730
2 0 0 1 897
2 0 0 1 761
2 0 0 1 605
2 0 0 1 663
2 0 0 1 1290
2 0 1 2 814
2 0 1 2 819
2 0 1 2 794
2 0 1 2 760
2 0 1 2 1249
2 0 1 3 608
2 0 1 3 583
2 0 1 3 564
2 0 1 3 711
2 0 1 3 614
2 0 1 3 553
2 0 1 3 1000
2 0 1 3 351
2 0 1 3 452
2 0 1 3 539
2 0 1 3 534
2 0 1 3 639
2 0 1 3 1807
2 0 1 3 945
2 0 1 3 580
2 0 1 3 1057
2 0 1 3 567
2 0 1 3 404
2 0 1 3 691
2 0 1 3 534
2 0 1 3 421
2 0 1 3 790
2 0 1 3 785
2 0 1 3 584
2 0 1 3 364
3 0 0 0 722
3 0 0 0 855
3 0 0 0 656
3 0 0 0 650
3 0 0 0 472
3 0 0 0 571
3 0 0 0 555
3 0 0 0 552
3 0 0 0 734
3 0 0 0 918
3 0 0 0 651
3 0 0 0 542
3 0 0 0 894
3 0 0 0 591
3 0 0 0 643
3 0 0 0 584
3 0 0 0 538
3 0 0 0 703
3 0 0 0 549
3 0 0 0 488
3 0 0 1 715
3 0 0 1 391
3 0 0 1 575
3 0 0 1 619
3 0 0 1 544
3 0 0 1 836
3 0 0 1 516
3 0 0 1 528
3 0 0 1 1223
3 0 0 1 551
3 0 1 2 533
3 0 1 2 653
3 0 1 2 605
3 0 1 2 531
3 0 1 2 592
3 0 1 2 902
3 0 1 2 903
3 0 1 2 753
3 0 1 2 764
3 0 1 2 415
3 0 1 3 821
3 0 1 3 606
3 0 1 3 648
3 0 1 3 583
3 0 1 3 650
3 0 1 3 725
3 0 1 3 680
3 0 1 3 383
3 0 1 3 499
3 0 1 3 537
3 0 1 3 929
3 0 1 3 397
3 0 1 3 543
3 0 1 3 431
3 0 1 3 405
3 0 1 3 477
3 0 1 3 617
3 0 1 3 520
3 0 1 3 738
3 0 1 3 786
4 0 0 0 337
4 0 0 0 1750
4 0 0 0 518
4 0 0 0 656
4 0 0 0 908
4 0 0 0 1079
4 0 0 0 878
4 0 0 0 779
4 0 0 0 553
4 0 0 0 1326
4 0 0 0 922
4 0 0 0 1368
4 0 0 0 1279
4 0 0 0 573
4 0 0 0 769
4 0 0 0 840
4 0 0 0 1180
4 0 0 0 1244
4 0 0 0 1006
4 0 0 1 850
4 0 0 1 1009
4 0 0 1 1357
4 0 0 1 583
4 0 0 1 1004
4 0 0 1 1531
4 0 0 1 1357
4 0 0 1 1378
4 0 0 1 1519
4 0 0 1 801
4 0 0 1 1140
4 0 1 2 1176
4 0 1 2 1333
4 0 1 2 2227
4 0 1 2 1697
4 0 1 2 1224
4 0 1 3 1152
4 0 1 3 649
4 0 1 3 437
4 0 1 3 735
4 0 1 3 1022
4 0 1 3 785
4 0 1 3 925
4 0 1 3 824
4 0 1 3 412
4 0 1 3 754
4 0 1 3 854
4 0 1 3 516
4 0 1 3 534
4 0 1 3 741
4 0 1 3 162
4 0 1 3 766
4 0 1 3 1094
4 0 1 3 568
4 0 1 3 1268
4 0 1 3 929
4 0 1 3 990
4 0 1 3 832
4 0 1 3 626
4 0 1 3 1418
4 0 1 3 1047
5 0 0 0 626
5 0 0 0 1047
5 0 0 0 817
5 0 0 0 820
5 0 0 0 731
5 0 0 0 926
5 0 0 0 660
5 0 0 0 637
5 0 0 0 591
5 0 0 0 802
5 0 0 0 647
5 0 0 0 712
5 0 0 0 560
5 0 0 0 587
5 0 0 0 672
5 0 0 0 638
5 0 0 0 669
5 0 0 0 853
5 0 0 0 988
5 0 0 1 775
5 0 0 1 636
5 0 0 1 659
5 0 0 1 829
5 0 0 1 754
5 0 0 1 1281
5 0 0 1 596
5 0 0 1 686
5 0 0 1 717
5 0 0 1 874
5 0 0 1 922
5 0 1 2 917
5 0 1 2 686
5 0 1 2 704
5 0 1 2 877
5 0 1 2 781
5 0 1 2 817
5 0 1 2 670
5 0 1 2 1089
5 0 1 2 882
5 0 1 2 915
5 0 1 2 621
5 0 1 3 551
5 0 1 3 759
5 0 1 3 1043
5 0 1 3 858
5 0 1 3 721
5 0 1 3 633
5 0 1 3 1031
5 0 1 3 653
5 0 1 3 719
5 0 1 3 498
5 0 1 3 664
5 0 1 3 626
5 0 1 3 543
5 0 1 3 762
5 0 1 3 665
5 0 1 3 755
5 0 1 3 525
5 0 1 3 577
5 0 1 3 683
6 0 0 0 897
6 0 0 0 856
6 0 0 0 774
6 0 0 0 661
6 0 0 0 535
6 0 0 0 575
6 0 0 0 649
6 0 0 0 563
6 0 0 0 723
6 0 0 0 339
6 0 0 0 1863
6 0 0 0 564
6 0 0 0 742
6 0 0 0 785
6 0 0 0 601
6 0 0 0 681
6 0 0 0 636
6 0 0 0 676
6 0 0 0 841
6 0 0 0 721
6 0 0 1 1238
6 0 0 1 1103
6 0 0 1 537
6 0 0 1 1038
6 0 0 1 278
6 0 0 1 1234
6 0 0 1 383
6 0 0 1 521
6 0 0 1 853
6 0 0 1 770
6 0 1 2 1114
6 0 1 2 775
6 0 1 2 1730
6 0 1 2 1661
6 0 1 2 653
6 0 1 2 776
6 0 1 2 1588
6 0 1 2 703
6 0 1 2 872
6 0 1 2 736
6 0 1 2 732
6 0 1 3 929
6 0 1 3 892
6 0 1 3 952
6 0 1 3 715
6 0 1 3 1347
6 0 1 3 681
6 0 1 3 672
6 0 1 3 617
6 0 1 3 704
6 0 1 3 676
6 0 1 3 795
6 0 1 3 745
6 0 1 3 566
6 0 1 3 583
6 0 1 3 1213
6 0 1 3 766
6 0 1 3 860
6 0 1 3 368
6 0 1 3 740
7 0 0 0 494
7 0 0 0 1664
7 0 0 0 646
7 0 0 0 735
7 0 0 0 890
7 0 0 0 775
7 0 0 0 814
7 0 0 0 549
7 0 0 0 503
7 0 0 0 545
7 0 0 0 652
7 0 0 0 560
7 0 0 0 741
7 0 0 0 900
7 0 0 0 915
7 0 0 0 815
7 0 0 0 989
7 0 0 0 691
7 0 0 0 948
7 0 0 0 1151
7 0 0 0 840
7 0 0 0 1147
7 0 0 0 691
7 0 0 1 715
7 0 0 1 552
7 0 0 1 703
7 0 0 1 694
7 0 0 1 996
7 0 0 1 645
7 0 0 1 1055
7 0 1 2 1150
7 0 1 2 752
7 0 1 2 816
7 0 1 2 1160
7 0 1 2 968
7 0 1 2 695
7 0 1 2 1074
7 0 1 2 916
7 0 1 2 791
7 0 1 3 1118
7 0 1 3 867
7 0 1 3 669
7 0 1 3 437
7 0 1 3 967
7 0 1 3 930
7 0 1 3 534
7 0 1 3 753
7 0 1 3 367
7 0 1 3 429
7 0 1 3 676
7 0 1 3 1053
7 0 1 3 547
7 0 1 3 386
7 0 1 3 1002
7 0 1 3 402
7 0 1 3 746
7 0 1 3 629
7 0 1 3 682
7 0 1 3 481
7 0 1 3 1915
8 0 0 0 1157
8 0 0 0 1144
8 0 0 0 803
8 0 0 0 949
8 0 0 0 575
8 0 0 0 942
8 0 0 0 917
8 0 0 0 951
8 0 0 0 558
8 0 0 0 846
8 0 0 0 1324
8 0 0 0 619
8 0 0 0 812
8 0 0 0 498
8 0 0 0 707
8 0 0 0 1340
8 0 0 0 717
8 0 0 0 998
8 0 0 0 704
8 0 0 0 473
8 0 0 1 673
8 0 0 1 1285
8 0 0 1 888
8 0 0 1 1023
8 0 0 1 726
8 0 0 1 731
8 0 0 1 544
8 0 0 1 769
8 0 0 1 663
8 0 0 1 1068
8 0 1 2 694
8 0 1 2 1612
8 0 1 2 1167
8 0 1 2 399
8 0 1 2 1170
8 0 1 2 1058
8 0 1 2 1452
8 0 1 2 697
8 0 1 3 753
8 0 1 3 799
8 0 1 3 1239
8 0 1 3 651
8 0 1 3 1059
8 0 1 3 680
8 0 1 3 652
8 0 1 3 818
8 0 1 3 804
8 0 1 3 812
8 0 1 3 746
8 0 1 3 644
8 0 1 3 719
8 0 1 3 729
8 0 1 3 1094
8 0 1 3 619
8 0 1 3 742
8 0 1 3 713
8 0 1 3 654
8 0 1 3 737
8 0 1 3 593
8 0 1 3 1022
9 0 0 0 802
9 0 0 0 845
9 0 0 0 751
9 0 0 0 346
9 0 0 0 812
9 0 0 0 540
9 0 0 0 1026
9 0 0 0 649
9 0 0 0 927
9 0 0 0 1018
9 0 0 0 733
9 0 0 0 410
9 0 0 0 574
9 0 0 0 812
9 0 0 0 587
9 0 0 0 588
9 0 0 0 763
9 0 0 0 545
9 0 0 0 737
9 0 0 1 524
9 0 0 1 395
9 0 0 1 980
9 0 0 1 410
9 0 0 1 1087
9 0 0 1 865
9 0 0 1 483
9 0 0 1 660
9 0 0 1 540
9 0 0 1 1139
9 0 0 1 646
9 0 1 2 705
9 0 1 2 859
9 0 1 2 572
9 0 1 2 790
9 0 1 2 733
9 0 1 2 791
9 0 1 2 776
9 0 1 2 1100
9 0 1 2 768
9 0 1 2 592
9 0 1 2 843
9 0 1 2 624
9 0 1 2 575
9 0 1 3 806
9 0 1 3 1241
9 0 1 3 879
9 0 1 3 1028
9 0 1 3 528
9 0 1 3 490
9 0 1 3 605
9 0 1 3 233
9 0 1 3 516
9 0 1 3 596
9 0 1 3 877
9 0 1 3 789
9 0 1 3 989
9 0 1 3 449
9 0 1 3 734
9 0 1 3 778
9 0 1 3 845
10 0 0 0 951
10 0 0 0 940
10 0 0 0 1045
10 0 0 0 568
10 0 0 0 1320
10 0 0 0 820
10 0 0 0 972
10 0 0 0 1057
10 0 0 0 2292
10 0 0 0 504
10 0 0 0 981
10 0 0 0 502
10 0 0 0 1210
10 0 0 0 850
10 0 0 0 928
10 0 0 0 1548
10 0 0 0 761
10 0 0 0 535
10 0 0 0 1695
10 0 0 0 735
10 0 0 0 1637
10 0 0 0 495
10 0 0 0 831
10 0 0 0 930
10 0 0 1 968
10 0 0 1 808
10 0 0 1 1059
10 0 0 1 1072
10 0 0 1 1059
10 0 0 1 810
10 0 1 2 992
10 0 1 2 1256
10 0 1 2 1161
10 0 1 2 1105
10 0 1 2 713
10 0 1 2 1259
10 0 1 2 1561
10 0 1 2 1248
10 0 1 2 932
10 0 1 2 1141
10 0 1 3 603
10 0 1 3 653
10 0 1 3 1934
10 0 1 3 590
10 0 1 3 1441
10 0 1 3 924
10 0 1 3 918
10 0 1 3 677
10 0 1 3 823
10 0 1 3 691
10 0 1 3 994
10 0 1 3 656
10 0 1 3 713
10 0 1 3 772
10 0 1 3 537
10 0 1 3 995
10 0 1 3 840
10 0 1 3 774
10 0 1 3 707
10 0 1 3 611
11 0 0 0 1059
11 0 0 0 564
11 0 0 0 769
11 0 0 0 1489
11 0 0 0 805
11 0 0 0 833
11 0 0 0 765
11 0 0 0 659
11 0 0 0 1037
11 0 0 0 832
11 0 0 0 598
11 0 0 0 1100
11 0 0 0 894
11 0 0 0 566
11 0 0 0 744
11 0 0 0 568
11 0 0 0 1073
11 0 0 0 722
11 0 0 0 781
11 0 0 0 616
11 0 0 0 577
11 0 0 0 755
11 0 0 0 856
11 0 0 1 690
11 0 0 1 974
11 0 0 1 1083
11 0 0 1 953
11 0 0 1 856
11 0 0 1 788
11 0 0 1 836
11 0 1 2 1458
11 0 1 2 1027
11 0 1 2 608
11 0 1 2 1045
11 0 1 2 741
11 0 1 2 921
11 0 1 2 857
11 0 1 2 1021
11 0 1 2 751
11 0 1 2 748
11 0 1 2 875
11 0 1 2 1574
11 0 1 3 413
11 0 1 3 765
11 0 1 3 767
11 0 1 3 669
11 0 1 3 673
11 0 1 3 1051
11 0 1 3 991
11 0 1 3 1005
11 0 1 3 567
11 0 1 3 577
11 0 1 3 529
11 0 1 3 846
11 0 1 3 765
11 0 1 3 1075
11 0 1 3 954
11 0 1 3 795
11 0 1 3 819
11 0 1 3 560
12 0 0 0 628
12 0 0 0 1245
12 0 0 0 699
12 0 0 0 1012
12 0 0 0 1008
12 0 0 0 595
12 0 0 0 851
12 0 0 0 659
12 0 0 0 750
12 0 0 0 625
12 0 0 0 472
12 0 0 0 865
12 0 0 0 1018
12 0 0 0 604
12 0 0 0 890
12 0 0 0 793
12 0 0 0 862
12 0 0 0 680
12 0 0 0 863
12 0 0 0 665
12 0 0 0 1053
12 0 0 0 748
12 0 0 0 630
12 0 0 1 675
12 0 0 1 556
12 0 0 1 589
12 0 0 1 1007
12 0 0 1 1226
12 0 0 1 763
12 0 0 1 746
12 0 1 2 682
12 0 1 2 764
12 0 1 2 1344
12 0 1 2 698
12 0 1 2 797
12 0 1 2 1264
12 0 1 2 692
12 0 1 3 572
12 0 1 3 652
12 0 1 3 449
12 0 1 3 543
12 0 1 3 804
12 0 1 3 443
12 0 1 3 698
12 0 1 3 624
12 0 1 3 417
12 0 1 3 594
12 0 1 3 612
12 0 1 3 1025
12 0 1 3 587
12 0 1 3 480
12 0 1 3 678
12 0 1 3 878
12 0 1 3 741
12 0 1 3 670
12 0 1 3 588
12 0 1 3 470
12 0 1 3 810
12 0 1 3 648
12 0 1 3 883
13 0 0 0 785
13 0 0 0 677
13 0 0 0 711
13 0 0 0 895
13 0 0 0 693
13 0 0 0 1055
13 0 0 0 612
13 0 0 0 712
13 0 0 0 1064
13 0 0 0 575
13 0 0 0 617
13 0 0 0 857
13 0 0 0 525
13 0 0 0 826
13 0 0 0 836
13 0 0 0 765
13 0 0 0 892
13 0 0 0 1669
13 0 0 0 971
13 0 0 0 503
13 0 0 0 920
13 0 0 0 664
13 0 0 0 593
13 0 0 0 870
13 0 0 0 607
13 0 0 1 830
13 0 0 1 1071
13 0 0 1 858
13 0 0 1 1382
13 0 0 1 851
13 0 1 2 801
13 0 1 2 1491
13 0 1 2 1138
13 0 1 2 514
13 0 1 3 1022
13 0 1 3 469
13 0 1 3 829
13 0 1 3 502
13 0 1 3 664
13 0 1 3 466
13 0 1 3 1302
13 0 1 3 955
13 0 1 3 769
13 0 1 3 430
13 0 1 3 663
13 0 1 3 723
13 0 1 3 754
13 0 1 3 494
13 0 1 3 939
13 0 1 3 703
13 0 1 3 483
13 0 1 3 716
13 0 1 3 743
13 0 1 3 850
13 0 1 3 989
13 0 1 3 774
13 0 1 3 1103
13 0 1 3 602
13 0 1 3 466
13 0 1 3 657
14 0 0 0 2073
14 0 0 0 924
14 0 0 0 673
14 0 0 0 478
14 0 0 0 686
14 0 0 0 534
14 0 0 0 590
14 0 0 0 571
14 0 0 0 538
14 0 0 0 592
14 0 0 0 460
14 0 0 0 947
14 0 0 0 1172
14 0 0 0 1124
14 0 0 0 659
14 0 0 0 512
14 0 0 0 712
14 0 0 0 607
14 0 0 0 757
14 0 0 0 872
14 0 0 0 680
14 0 0 0 942
14 0 0 0 609
14 0 0 1 931
14 0 0 1 608
14 0 0 1 641
14 0 0 1 894
14 0 0 1 1072
14 0 0 1 737
14 0 0 1 1029
14 0 1 2 903
14 0 1 2 711
14 0 1 2 889
14 0 1 2 753
14 0 1 2 925
14 0 1 2 611
14 0 1 2 809
14 0 1 2 711
14 0 1 3 582
14 0 1 3 573
14 0 1 3 564
14 0 1 3 697
14 0 1 3 538
14 0 1 3 391
14 0 1 3 545
14 0 1 3 659
14 0 1 3 868
14 0 1 3 783
14 0 1 3 1318
14 0 1 3 987
14 0 1 3 752
14 0 1 3 594
14 0 1 3 850
14 0 1 3 1616
14 0 1 3 1098
14 0 1 3 550
14 0 1 3 549
14 0 1 3 467
14 0 1 3 850
14 0 1 3 966
15 0 0 0 903
15 0 0 0 568
15 0 0 0 730
15 0 0 0 664
15 0 0 0 1162
15 0 0 0 580
15 0 0 0 1150
15 0 0 0 652
15 0 0 0 846
15 0 0 0 570
15 0 0 0 770
15 0 0 0 585
15 0 0 0 745
15 0 0 0 1206
15 0 0 0 618
15 0 0 0 508
15 0 0 0 530
15 0 0 0 571
15 0 0 1 819
15 0 0 1 1073
15 0 0 1 732
15 0 0 1 982
15 0 0 1 1132
15 0 0 1 647
15 0 0 1 1090
15 0 0 1 655
15 0 0 1 747
15 0 0 1 593
15 0 0 1 419
15 0 0 1 668
15 0 1 2 674
15 0 1 2 938
15 0 1 2 820
15 0 1 2 1027
15 0 1 2 1055
15 0 1 2 928
15 0 1 2 788
15 0 1 2 940
15 0 1 3 589
15 0 1 3 557
15 0 1 3 676
15 0 1 3 696
15 0 1 3 827
15 0 1 3 403
15 0 1 3 441
15 0 1 3 1190
15 0 1 3 555
15 0 1 3 1067
15 0 1 3 474
15 0 1 3 918
15 0 1 3 602
15 0 1 3 550
15 0 1 3 570
15 0 1 3 1044
15 0 1 3 452
15 0 1 3 220
15 0 1 3 1527
15 0 1 3 515
15 0 1 3 460
15 0 1 3 942
16 0 0 0 861
16 0 0 0 637
16 0 0 0 617
16 0 0 0 1011
16 0 0 0 1354
16 0 0 0 672
16 0 0 0 864
16 0 0 0 660
16 0 0 0 745
16 0 0 0 669
16 0 0 0 653
16 0 0 0 599
16 0 0 0 500
16 0 0 0 499
16 0 0 0 839
16 0 0 0 495
16 0 0 0 533
16 0 0 0 683
16 0 0 0 609
16 0 0 0 496
16 0 0 0 634
16 0 0 0 949
16 0 0 0 486
16 0 0 0 482
16 0 0 1 943
16 0 0 1 461
16 0 0 1 557
16 0 0 1 589
16 0 0 1 742
16 0 0 1 571
16 0 1 2 596
16 0 1 2 821
16 0 1 2 770
16 0 1 2 587
16 0 1 2 1129
16 0 1 2 1050
16 0 1 2 578
16 0 1 2 826
16 0 1 2 683
16 0 1 2 658
16 0 1 2 576
16 0 1 3 967
16 0 1 3 926
16 0 1 3 509
16 0 1 3 516
16 0 1 3 449
16 0 1 3 675
16 0 1 3 664
16 0 1 3 501
16 0 1 3 1307
16 0 1 3 704
16 0 1 3 800
16 0 1 3 692
16 0 1 3 596
16 0 1 3 456
16 0 1 3 653
16 0 1 3 520
16 0 1 3 697
16 0 1 3 503
16 0 1 3 696
17 0 0 0 611
17 0 0 0 620
17 0 0 0 973
17 0 0 0 643
17 0 0 0 509
17 0 0 0 1086
17 0 0 0 695
17 0 0 0 842
17 0 0 0 750
17 0 0 0 516
17 0 0 0 776
17 0 0 0 870
17 0 0 0 532
17 0 0 0 892
17 0 0 0 1017
17 0 0 0 1304
17 0 0 0 1150
17 0 0 0 676
17 0 0 0 658
17 0 0 0 452
17 0 0 0 797
17 0 0 0 537
17 0 0 1 703
17 0 0 1 667
17 0 0 1 610
17 0 0 1 870
17 0 0 1 775
17 0 0 1 800
17 0 0 1 677
17 0 0 1 673
17 0 1 2 1116
17 0 1 2 1152
17 0 1 2 1227
17 0 1 3 519
17 0 1 3 681
17 0 1 3 791
17 0 1 3 483
17 0 1 3 560
17 0 1 3 723
17 0 1 3 717
17 0 1 3 803
17 0 1 3 1158
17 0 1 3 339
17 0 1 3 585
17 0 1 3 437
17 0 1 3 858
17 0 1 3 815
17 0 1 3 959
17 0 1 3 1018
17 0 1 3 663
17 0 1 3 927
17 0 1 3 857
17 0 1 3 658
17 0 1 3 482
17 0 1 3 626
17 0 1 3 850
17 0 1 3 1579
17 0 1 3 1084
17 0 1 3 651
17 0 1 3 756
18 0 0 0 1029
18 0 0 0 653
18 0 0 0 632
18 0 0 0 710
18 0 0 0 739
18 0 0 0 764
18 0 0 0 612
18 0 0 0 858
18 0 0 0 949
18 0 0 0 744
18 0 0 0 869
18 0 0 0 622
18 0 0 0 574
18 0 0 0 692
18 0 0 0 713
18 0 0 0 829
18 0 0 0 961
18 0 0 0 905
18 0 0 0 672
18 0 0 0 480
18 0 0 0 659
18 0 0 1 686
18 0 0 1 1210
18 0 0 1 726
18 0 0 1 1064
18 0 0 1 771
18 0 0 1 1024
18 0 0 1 1081
18 0 0 1 812
18 0 0 1 670
18 0 1 2 983
18 0 1 2 826
18 0 1 2 1133
18 0 1 2 871
18 0 1 2 1080
18 0 1 2 759
18 0 1 3 571
18 0 1 3 812
18 0 1 3 769
18 0 1 3 725
18 0 1 3 741
18 0 1 3 652
18 0 1 3 578
18 0 1 3 566
18 0 1 3 715
18 0 1 3 1654
18 0 1 3 571
18 0 1 3 731
18 0 1 3 744
18 0 1 3 565
18 0 1 3 781
18 0 1 3 716
18 0 1 3 1101
18 0 1 3 832
18 0 1 3 617
18 0 1 3 892
18 0 1 3 768
18 0 1 3 707
18 0 1 3 528
18 0 1 3 394
19 0 0 0 764
19 0 0 0 667
19 0 0 0 625
19 0 0 0 752
19 0 0 0 721
19 0 0 0 529
19 0 0 0 909
19 0 0 0 619
19 0 0 0 1086
19 0 0 0 867
19 0 0 0 526
19 0 0 0 493
19 0 0 0 468
19 0 0 0 617
19 0 0 0 570
19 0 0 0 616
19 0 0 0 651
19 0 0 0 608
19 0 0 0 619
19 0 0 0 479
19 0 0 0 891
19 0 0 1 914
19 0 0 1 560
19 0 0 1 545
19 0 0 1 524
19 0 0 1 572
19 0 0 1 594
19 0 0 1 589
19 0 0 1 498
19 0 0 1 439
19 0 1 2 548
19 0 1 2 340
19 0 1 2 920
19 0 1 2 749
19 0 1 2 536
19 0 1 2 620
19 0 1 2 495
19 0 1 2 638
19 0 1 2 1007
19 0 1 2 675
19 0 1 2 678
19 0 1 3 618
19 0 1 3 402
19 0 1 3 469
19 0 1 3 478
19 0 1 3 416
19 0 1 3 716
19 0 1 3 439
19 0 1 3 485
19 0 1 3 839
19 0 1 3 330
19 0 1 3 434
19 0 1 3 627
19 0 1 3 318
19 0 1 3 745
19 0 1 3 452
19 0 1 3 616
19 0 1 3 399
19 0 1 3 402
19 0 1 3 826
20 0 0 0 669
20 0 0 0 666
20 0 0 0 801
20 0 0 0 675
20 0 0 0 979
20 0 0 0 739
20 0 0 0 989
20 0 0 0 951
20 0 0 0 788
20 0 0 0 1162
20 0 0 0 585
20 0 0 0 509
20 0 0 0 1127
20 0 0 0 695
20 0 0 0 831
20 0 0 0 525
20 0 0 0 617
20 0 0 0 517
20 0 0 0 810
20 0 0 0 769
20 0 0 0 570
20 0 0 0 1213
20 0 0 0 716
20 0 0 1 774
20 0 0 1 735
20 0 0 1 577
20 0 0 1 574
20 0 0 1 614
20 0 0 1 858
20 0 0 1 577
20 0 1 2 1332
20 0 1 2 1244
20 0 1 2 1103
20 0 1 3 798
20 0 1 3 583
20 0 1 3 751
20 0 1 3 524
20 0 1 3 1360
20 0 1 3 579
20 0 1 3 666
20 0 1 3 1184
20 0 1 3 524
20 0 1 3 662
20 0 1 3 784
20 0 1 3 907
20 0 1 3 616
20 0 1 3 713
20 0 1 3 554
20 0 1 3 638
20 0 1 3 604
20 0 1 3 773
20 0 1 3 624
20 0 1 3 749
20 0 1 3 414
20 0 1 3 495
20 0 1 3 494
20 0 1 3 471
20 0 1 3 492
20 0 1 3 521
20 0 1 3 949
21 0 0 0 851
21 0 0 0 553
21 0 0 0 963
21 0 0 0 597
21 0 0 0 528
21 0 0 0 969
21 0 0 0 731
21 0 0 0 753
21 0 0 0 1080
21 0 0 0 676
21 0 0 0 707
21 0 0 0 938
21 0 0 0 1134
21 0 0 0 891
21 0 0 0 719
21 0 0 0 516
21 0 0 0 661
21 0 0 0 663
21 0 0 1 754
21 0 0 1 1135
21 0 0 1 868
21 0 0 1 817
21 0 0 1 745
21 0 0 1 1071
21 0 0 1 1262
21 0 0 1 1010
21 0 0 1 1139
21 0 0 1 688
21 0 0 1 436
21 0 0 1 1102
21 0 1 2 1227
21 0 1 2 862
21 0 1 2 1124
21 0 1 2 953
21 0 1 2 984
21 0 1 2 946
21 0 1 3 370
21 0 1 3 612
21 0 1 3 575
21 0 1 3 690
21 0 1 3 1017
21 0 1 3 540
21 0 1 3 530
21 0 1 3 511
21 0 1 3 455
21 0 1 3 971
21 0 1 3 722
21 0 1 3 583
21 0 1 3 568
21 0 1 3 651
21 0 1 3 860
21 0 1 3 734
21 0 1 3 819
21 0 1 3 1786
21 0 1 3 523
21 0 1 3 914
21 0 1 3 569
21 0 1 3 1033
21 0 1 3 1045
21 0 1 3 337
22 0 0 0 669
22 0 0 0 745
22 0 0 0 708
22 0 0 0 564
22 0 0 0 592
22 0 0 0 499
22 0 0 0 679
22 0 0 0 870
22 0 0 0 764
22 0 0 0 552
22 0 0 0 724
22 0 0 0 626
22 0 0 0 756
22 0 0 0 676
22 0 0 0 575
22 0 0 0 735
22 0 0 0 579
22 0 0 0 762
22 0 0 0 1024
22 0 0 0 426
22 0 0 0 767
22 0 0 1 669
22 0 0 1 466
22 0 0 1 755
22 0 0 1 437
22 0 0 1 621
22 0 0 1 538
22 0 0 1 554
22 0 0 1 839
22 0 0 1 516
22 0 1 2 578
22 0 1 2 633
22 0 1 2 971
22 0 1 2 535
22 0 1 2 746
22 0 1 2 457
22 0 1 2 695
22 0 1 2 746
22 0 1 2 865
22 0 1 3 619
22 0 1 3 591
22 0 1 3 517
22 0 1 3 469
22 0 1 3 702
22 0 1 3 506
22 0 1 3 777
22 0 1 3 414
22 0 1 3 539
22 0 1 3 954
22 0 1 3 459
22 0 1 3 851
22 0 1 3 706
22 0 1 3 619
22 0 1 3 700
22 0 1 3 616
22 0 1 3 756
22 0 1 3 735
22 0 1 3 661
22 0 1 3 425
22 0 1 3 613
23 0 0 0 694
23 0 0 0 685
23 0 0 0 601
23 0 0 0 494
23 0 0 0 941
23 0 0 0 670
23 0 0 0 533
23 0 0 0 686
23 0 0 0 690
23 0 0 0 517
23 0 0 0 488
23 0 0 0 536
23 0 0 0 907
23 0 0 0 669
23 0 0 0 910
23 0 0 0 811
23 0 0 1 1084
23 0 0 1 912
23 0 0 1 1156
23 0 0 1 716
23 0 0 1 1012
23 0 0 1 842
23 0 0 1 642
23 0 0 1 916
23 0 0 1 1225
23 0 0 1 1109
23 0 0 1 604
23 0 0 1 672
23 0 0 1 1301
23 0 0 1 962
23 0 1 2 702
23 0 1 2 1382
23 0 1 2 738
23 0 1 2 773
23 0 1 2 824
23 0 1 2 491
23 0 1 2 723
23 0 1 2 989
23 0 1 2 877
23 0 1 3 626
23 0 1 3 395
23 0 1 3 747
23 0 1 3 823
23 0 1 3 1328
23 0 1 3 766
23 0 1 3 705
23 0 1 3 726
23 0 1 3 438
23 0 1 3 962
23 0 1 3 696
23 0 1 3 480
23 0 1 3 507
23 0 1 3 711
23 0 1 3 1291
23 0 1 3 843
23 0 1 3 631
23 0 1 3 605
23 0 1 3 740
23 0 1 3 1645
23 0 1 3 583
24 0 0 0 687
24 0 0 0 1708
24 0 0 0 1121
24 0 0 0 637
24 0 0 0 897
24 0 0 0 1425
24 0 0 0 851
24 0 0 0 732
24 0 0 0 675
24 0 0 0 920
24 0 0 0 514
24 0 0 0 1311
24 0 0 0 652
24 0 0 0 653
24 0 0 0 910
24 0 0 0 751
24 0 0 0 716
24 0 0 0 1336
24 0 0 0 725
24 0 0 0 904
24 0 0 0 1457
24 0 0 0 633
24 0 0 1 1189
24 0 0 1 1905
24 0 0 1 1430
24 0 0 1 1075
24 0 0 1 1221
24 0 0 1 1176
24 0 0 1 1097
24 0 0 1 1639
24 0 1 2 1140
24 0 1 2 1587
24 0 1 2 1089
24 0 1 2 965
24 0 1 2 957
24 0 1 2 1207
24 0 1 2 1346
24 0 1 2 1254
24 0 1 2 1178
24 0 1 2 611
24 0 1 2 1460
24 0 1 2 1005
24 0 1 2 946
24 0 1 2 863
24 0 1 3 729
24 0 1 3 1281
24 0 1 3 1169
24 0 1 3 1150
24 0 1 3 995
24 0 1 3 671
24 0 1 3 727
24 0 1 3 1039
24 0 1 3 1842
24 0 1 3 1049
24 0 1 3 764
24 0 1 3 432
24 0 1 3 644
24 0 1 3 616
24 0 1 3 920
24 0 1 3 1380
25 0 0 0 768
25 0 0 0 648
25 0 0 0 768
25 0 0 0 779
25 0 0 0 658
25 0 0 0 442
25 0 0 0 1250
25 0 0 0 530
25 0 0 0 749
25 0 0 0 920
25 0 0 0 574
25 0 0 0 1147
25 0 0 0 583
25 0 0 0 554
25 0 0 0 547
25 0 0 0 734
25 0 0 0 687
25 0 0 0 593
25 0 0 0 429
25 0 0 1 518
25 0 0 1 639
25 0 0 1 592
25 0 0 1 696
25 0 0 1 633
25 0 0 1 685
25 0 0 1 813
25 0 0 1 486
25 0 0 1 663
25 0 0 1 602
25 0 0 1 763
25 0 1 2 681
25 0 1 2 767
25 0 1 2 652
25 0 1 2 557
25 0 1 2 595
25 0 1 2 697
25 0 1 2 930
25 0 1 2 1259
25 0 1 2 745
25 0 1 3 516
25 0 1 3 535
25 0 1 3 790
25 0 1 3 809
25 0 1 3 486
25 0 1 3 643
25 0 1 3 823
25 0 1 3 551
25 0 1 3 683
25 0 1 3 531
25 0 1 3 743
25 0 1 3 565
25 0 1 3 652
25 0 1 3 498
25 0 1 3 1020
25 0 1 3 803
25 0 1 3 714
25 0 1 3 561
25 0 1 3 738
25 0 1 3 795
25 0 1 3 714
26 0 0 0 681
26 0 0 0 737
26 0 0 0 660
26 0 0 0 931
26 0 0 0 1063
26 0 0 0 1389
26 0 0 0 1484
26 0 0 0 861
26 0 0 0 554
26 0 0 0 1180
26 0 0 0 716
26 0 0 0 969
26 0 0 0 1293
26 0 0 0 576
26 0 0 0 1137
26 0 0 0 674
26 0 0 0 488
26 0 0 0 705
26 0 0 0 1202
26 0 0 0 1079
26 0 0 0 551
26 0 0 1 854
26 0 0 1 776
26 0 0 1 630
26 0 0 1 1137
26 0 0 1 568
26 0 0 1 814
26 0 0 1 740
26 0 0 1 598
26 0 0 1 1561
26 0 1 2 725
26 0 1 2 748
26 0 1 2 936
26 0 1 2 1173
26 0 1 2 1128
26 0 1 3 426
26 0 1 3 681
26 0 1 3 1030
26 0 1 3 286
26 0 1 3 1344
26 0 1 3 1004
26 0 1 3 622
26 0 1 3 743
26 0 1 3 1291
26 0 1 3 492
26 0 1 3 963
26 0 1 3 545
26 0 1 3 661
26 0 1 3 894
26 0 1 3 592
26 0 1 3 617
26 0 1 3 664
26 0 1 3 1152
26 0 1 3 890
26 0 1 3 787
26 0 1 3 1027
26 0 1 3 475
26 0 1 3 609
26 0 1 3 660
26 0 1 3 431
27 0 0 0 829
27 0 0 0 585
27 0 0 0 929
27 0 0 0 748
27 0 0 0 1024
27 0 0 0 728
27 0 0 0 549
27 0 0 0 737
27 0 0 0 695
27 0 0 0 488
27 0 0 0 470
27 0 0 0 469
27 0 0 0 898
27 0 0 0 631
27 0 0 0 531
27 0 0 0 789
27 0 0 0 739
27 0 0 0 606
27 0 0 0 529
27 0 0 0 690
27 0 0 0 538
27 0 0 1 661
27 0 0 1 545
27 0 0 1 1015
27 0 0 1 659
27 0 0 1 569
27 0 0 1 1122
27 0 0 1 509
27 0 0 1 576
27 0 0 1 720
27 0 1 2 799
27 0 1 2 766
27 0 1 2 495
27 0 1 2 613
27 0 1 2 706
27 0 1 2 731
27 0 1 2 744
27 0 1 2 755
27 0 1 2 930
27 0 1 3 452
27 0 1 3 502
27 0 1 3 535
27 0 1 3 629
27 0 1 3 478
27 0 1 3 429
27 0 1 3 495
27 0 1 3 829
27 0 1 3 578
27 0 1 3 745
27 0 1 3 397
27 0 1 3 614
27 0 1 3 468
27 0 1 3 897
27 0 1 3 523
27 0 1 3 589
27 0 1 3 743
27 0 1 3 496
27 0 1 3 513
27 0 1 3 621
27 0 1 3 409
28 0 0 0 582
28 0 0 0 736
28 0 0 0 637
28 0 0 0 633
28 0 0 0 980
28 0 0 0 624
28 0 0 0 647
28 0 0 0 496
28 0 0 0 672
28 0 0 0 690
28 0 0 0 693
28 0 0 0 899
28 0 0 0 593
28 0 0 0 749
28 0 0 0 761
28 0 0 0 605
28 0 0 0 663
28 0 0 0 862
28 0 0 0 692
28 0 0 0 699
28 0 0 1 369
28 0 0 1 421
28 0 0 1 391
28 0 0 1 579
28 0 0 1 779
28 0 0 1 872
28 0 0 1 693
28 0 0 1 651
28 0 0 1 716
28 0 0 1 522
28 0 1 2 683
28 0 1 2 853
28 0 1 2 513
28 0 1 2 819
28 0 1 2 813
28 0 1 2 821
28 0 1 3 465
28 0 1 3 630
28 0 1 3 596
28 0 1 3 534
28 0 1 3 559
28 0 1 3 701
28 0 1 3 577
28 0 1 3 696
28 0 1 3 725
28 0 1 3 539
28 0 1 3 513
28 0 1 3 467
28 0 1 3 500
28 0 1 3 623
28 0 1 3 574
28 0 1 3 381
28 0 1 3 450
28 0 1 3 581
28 0 1 3 651
28 0 1 3 442
28 0 1 3 478
28 0 1 3 376
28 0 1 3 666
28 0 1 3 492
29 0 0 0 751
29 0 0 0 998
29 0 0 0 1891
29 0 0 0 1124
29 0 0 0 1157
29 0 0 0 730
29 0 0 0 696
29 0 0 0 1023
29 0 0 0 841
29 0 0 0 1041
29 0 0 0 964
29 0 0 0 682
29 0 0 0 1261
29 0 0 0 1092
29 0 0 0 809
29 0 0 0 1054
29 0 0 0 858
29 0 0 0 1196
29 0 0 0 490
29 0 0 0 1101
29 0 0 0 550
29 0 0 0 983
29 0 0 0 816
29 0 0 0 1242
29 0 0 1 797
29 0 0 1 3666
29 0 0 1 1540
29 0 0 1 1115
29 0 0 1 932
29 0 0 1 805
29 0 1 2 1599
29 0 1 2 1279
29 0 1 2 1356
29 0 1 2 1553
29 0 1 2 664
29 0 1 2 1131
29 0 1 2 2253
29 0 1 2 1696
29 0 1 2 946
29 0 1 3 667
29 0 1 3 575
29 0 1 3 692
29 0 1 3 957
29 0 1 3 770
29 0 1 3 732
29 0 1 3 809
29 0 1 3 1033
29 0 1 3 1186
29 0 1 3 1073
29 0 1 3 670
29 0 1 3 1051
29 0 1 3 682
29 0 1 3 1573
29 0 1 3 666
29 0 1 3 790
29 0 1 3 1398
29 0 1 3 594
29 0 1 3 997
29 0 1 3 1471
29 0 1 3 588
30 0 0 0 440
30 0 0 0 806
30 0 0 0 355
30 0 0 0 658
30 0 0 0 570
30 0 0 0 446
30 0 0 0 744
30 0 0 0 505
30 0 0 0 710
30 0 0 0 692
30 0 0 0 757
30 0 0 0 797
30 0 0 0 609
30 0 0 0 480
30 0 0 0 716
30 0 0 0 607
30 0 0 0 530
30 0 0 0 724
30 0 0 0 846
30 0 0 0 653
30 0 0 0 835
30 0 0 1 605
30 0 0 1 660
30 0 0 1 580
30 0 0 1 559
30 0 0 1 492
30 0 0 1 684
30 0 0 1 930
30 0 0 1 494
30 0 0 1 427
30 0 1 2 870
30 0 1 2 557
30 0 1 2 701
30 0 1 2 809
30 0 1 2 844
30 0 1 2 700
30 0 1 2 829
30 0 1 2 767
30 0 1 2 886
30 0 1 2 967
30 0 1 2 1228
30 0 1 3 595
30 0 1 3 752
30 0 1 3 409
30 0 1 3 420
30 0 1 3 400
30 0 1 3 642
30 0 1 3 531
30 0 1 3 851
30 0 1 3 594
30 0 1 3 791
30 0 1 3 412
30 0 1 3 628
30 0 1 3 474
30 0 1 3 591
30 0 1 3 915
30 0 1 3 382
30 0 1 3 598
30 0 1 3 338
30 0 1 3 447
31 0 0 0 494
31 0 0 0 1749
31 0 0 0 728
31 0 0 0 882
31 0 0 0 568
31 0 0 0 1203
31 0 0 0 1028
31 0 0 0 687
31 0 0 0 870
31 0 0 0 611
31 0 0 0 970
31 0 0 0 1651
31 0 0 0 878
31 0 0 0 890
31 0 0 0 685
31 0 0 0 734
31 0 0 0 551
31 0 0 0 510
31 0 0 0 559
31 0 0 0 650
31 0 0 0 809
31 0 0 0 638
31 0 0 0 573
31 0 0 1 857
31 0 0 1 795
31 0 0 1 592
31 0 0 1 740
31 0 0 1 783
31 0 0 1 1039
31 0 0 1 708
31 0 1 2 793
31 0 1 2 921
31 0 1 2 996
31 0 1 2 705
31 0 1 2 718
31 0 1 2 861
31 0 1 2 703
31 0 1 2 868
31 0 1 2 736
31 0 1 2 582
31 0 1 2 807
31 0 1 2 657
31 0 1 2 913
31 0 1 3 714
31 0 1 3 464
31 0 1 3 685
31 0 1 3 387
31 0 1 3 658
31 0 1 3 646
31 0 1 3 662
31 0 1 3 446
31 0 1 3 1015
31 0 1 3 633
31 0 1 3 506
31 0 1 3 678
31 0 1 3 721
31 0 1 3 466
31 0 1 3 1144
31 0 1 3 547
31 0 1 3 483
32 0 0 0 742
32 0 0 0 902
32 0 0 0 463
32 0 0 0 1262
32 0 0 0 502
32 0 0 0 684
32 0 0 0 749
32 0 0 0 658
32 0 0 0 917
32 0 0 0 872
32 0 0 0 747
32 0 0 0 670
32 0 0 0 670
32 0 0 0 760
32 0 0 0 852
32 0 0 0 527
32 0 0 0 920
32 0 0 0 742
32 0 0 0 1131
32 0 0 0 647
32 0 0 0 804
32 0 0 1 919
32 0 0 1 504
32 0 0 1 546
32 0 0 1 1166
32 0 0 1 627
32 0 0 1 848
32 0 0 1 1121
32 0 0 1 552
32 0 0 1 389
32 0 1 2 832
32 0 1 2 845
32 0 1 2 1294
32 0 1 2 626
32 0 1 2 930
32 0 1 2 778
32 0 1 2 1002
32 0 1 2 917
32 0 1 2 691
32 0 1 2 925
32 0 1 2 856
32 0 1 2 672
32 0 1 3 349
32 0 1 3 621
32 0 1 3 394
32 0 1 3 583
32 0 1 3 775
32 0 1 3 733
32 0 1 3 642
32 0 1 3 412
32 0 1 3 401
32 0 1 3 553
32 0 1 3 496
32 0 1 3 492
32 0 1 3 814
32 0 1 3 700
32 0 1 3 337
32 0 1 3 711
32 0 1 3 586
32 0 1 3 615
33 0 0 0 902
33 0 0 0 431
33 0 0 0 522
33 0 0 0 1122
33 0 0 0 615
33 0 0 0 710
33 0 0 0 591
33 0 0 0 490
33 0 0 0 673
33 0 0 0 696
33 0 0 0 414
33 0 0 0 542
33 0 0 0 563
33 0 0 0 461
33 0 0 0 672
33 0 0 0 724
33 0 0 0 627
33 0 0 0 939
33 0 0 0 922
33 0 0 1 452
33 0 0 1 831
33 0 0 1 649
33 0 0 1 462
33 0 0 1 803
33 0 0 1 680
33 0 0 1 645
33 0 0 1 1124
33 0 0 1 689
33 0 0 1 687
33 0 0 1 796
33 0 1 2 1046
33 0 1 2 803
33 0 1 2 718
33 0 1 2 604
33 0 1 2 709
33 0 1 2 918
33 0 1 2 466
33 0 1 3 751
33 0 1 3 538
33 0 1 3 652
33 0 1 3 525
33 0 1 3 700
33 0 1 3 912
33 0 1 3 397
33 0 1 3 511
33 0 1 3 711
33 0 1 3 547
33 0 1 3 387
33 0 1 3 540
33 0 1 3 583
33 0 1 3 805
33 0 1 3 429
33 0 1 3 652
33 0 1 3 679
33 0 1 3 646
33 0 1 3 415
33 0 1 3 401
33 0 1 3 736
33 0 1 3 469
33 0 1 3 778
34 0 0 0 1475
34 0 0 0 616
34 0 0 0 649
34 0 0 0 856
34 0 0 0 841
34 0 0 0 649
34 0 0 0 755
34 0 0 0 529
34 0 0 0 772
34 0 0 0 766
34 0 0 0 1395
34 0 0 0 697
34 0 0 0 521
34 0 0 0 1119
34 0 0 0 999
34 0 0 0 615
34 0 0 0 662
34 0 0 0 678
34 0 0 1 791
34 0 0 1 1265
34 0 0 1 934
34 0 0 1 1494
34 0 0 1 1083
34 0 0 1 970
34 0 0 1 918
34 0 0 1 1297
34 0 0 1 1093
34 0 0 1 1840
34 0 0 1 1478
34 0 0 1 1141
34 0 1 2 1881
34 0 1 2 694
34 0 1 2 676
34 0 1 2 1508
34 0 1 2 1393
34 0 1 2 1149
34 0 1 2 1607
34 0 1 2 630
34 0 1 2 1796
34 0 1 3 925
34 0 1 3 1874
34 0 1 3 922
34 0 1 3 547
34 0 1 3 1580
34 0 1 3 462
34 0 1 3 600
34 0 1 3 1624
34 0 1 3 1963
34 0 1 3 2064
34 0 1 3 1499
34 0 1 3 831
34 0 1 3 717
34 0 1 3 1393
34 0 1 3 706
34 0 1 3 714
34 0 1 3 980
34 0 1 3 507
34 0 1 3 789
34 0 1 3 664
34 0 1 3 504
35 0 0 0 684
35 0 0 0 951
35 0 0 0 1094
35 0 0 0 719
35 0 0 0 749
35 0 0 0 805
35 0 0 0 830
35 0 0 0 627
35 0 0 0 966
35 0 0 0 650
35 0 0 0 660
35 0 0 0 913
35 0 0 0 786
35 0 0 0 626
35 0 0 0 951
35 0 0 0 670
35 0 0 0 1621
35 0 0 0 599
35 0 0 0 1156
35 0 0 0 1054
35 0 0 0 933
35 0 0 0 546
35 0 0 1 646
35 0 0 1 930
35 0 0 1 1211
35 0 0 1 760
35 0 0 1 796
35 0 0 1 814
35 0 0 1 694
35 0 0 1 836
35 0 1 2 1243
35 0 1 2 1292
35 0 1 2 701
35 0 1 2 1167
35 0 1 2 1400
35 0 1 2 769
35 0 1 2 653
35 0 1 2 794
35 0 1 2 1550
35 0 1 2 1700
35 0 1 2 950
35 0 1 3 842
35 0 1 3 604
35 0 1 3 933
35 0 1 3 803
35 0 1 3 909
35 0 1 3 1259
35 0 1 3 801
35 0 1 3 569
35 0 1 3 522
35 0 1 3 474
35 0 1 3 449
35 0 1 3 964
35 0 1 3 911
35 0 1 3 477
35 0 1 3 517
35 0 1 3 711
35 0 1 3 726
35 0 1 3 759
35 0 1 3 639
36 0 0 0 982
36 0 0 0 1251
36 0 0 0 695
36 0 0 0 486
36 0 0 0 742
36 0 0 0 748
36 0 0 0 648
36 0 0 0 998
36 0 0 0 493
36 0 0 0 962
36 0 0 0 663
36 0 0 0 573
36 0 0 0 955
36 0 0 0 761
36 0 0 0 754
36 0 0 0 728
36 0 0 1 785
36 0 0 1 1157
36 0 0 1 686
36 0 0 1 546
36 0 0 1 615
36 0 0 1 895
36 0 0 1 752
36 0 0 1 712
36 0 0 1 1330
36 0 0 1 628
36 0 0 1 821
36 0 0 1 603
36 0 0 1 710
36 0 0 1 789
36 0 1 2 591
36 0 1 2 1098
36 0 1 2 675
36 0 1 2 667
36 0 1 2 645
36 0 1 2 1035
36 0 1 2 920
36 0 1 2 780
36 0 1 3 866
36 0 1 3 542
36 0 1 3 592
36 0 1 3 433
36 0 1 3 611
36 0 1 3 705
36 0 1 3 781
36 0 1 3 767
36 0 1 3 554
36 0 1 3 993
36 0 1 3 849
36 0 1 3 503
36 0 1 3 725
36 0 1 3 775
36 0 1 3 747
36 0 1 3 881
36 0 1 3 1038
36 0 1 3 613
36 0 1 3 776
36 0 1 3 414
36 0 1 3 443
36 0 1 3 538
37 0 0 0 853
37 0 0 0 807
37 0 0 0 1166
37 0 0 0 533
37 0 0 0 722
37 0 0 0 878
37 0 0 0 924
37 0 0 0 580
37 0 0 0 967
37 0 0 0 1050
37 0 0 0 576
37 0 0 0 1672
37 0 0 0 601
37 0 0 0 717
37 0 0 0 619
37 0 0 0 588
37 0 0 0 576
37 0 0 0 639
37 0 0 0 564
37 0 0 0 700
37 0 0 1 1056
37 0 0 1 948
37 0 0 1 721
37 0 0 1 1147
37 0 0 1 1008
37 0 0 1 762
37 0 0 1 1208
37 0 0 1 722
37 0 0 1 857
37 0 0 1 699
37 0 1 2 929
37 0 1 2 919
37 0 1 2 675
37 0 1 2 1093
37 0 1 2 1111
37 0 1 2 1593
37 0 1 2 1463
37 0 1 2 1201
37 0 1 2 962
37 0 1 3 544
37 0 1 3 907
37 0 1 3 655
37 0 1 3 717
37 0 1 3 739
37 0 1 3 1004
37 0 1 3 471
37 0 1 3 1184
37 0 1 3 1268
37 0 1 3 394
37 0 1 3 613
37 0 1 3 813
37 0 1 3 581
37 0 1 3 437
37 0 1 3 589
37 0 1 3 813
37 0 1 3 592
37 0 1 3 520
37 0 1 3 962
37 0 1 3 883
37 0 1 3 817
38 0 0 0 675
38 0 0 0 686
38 0 0 0 566
38 0 0 0 403
38 0 0 0 701
38 0 0 0 1013
38 0 0 0 554
38 0 0 0 637
38 0 0 0 605
38 0 0 0 982
38 0 0 0 654
38 0 0 0 574
38 0 0 0 709
38 0 0 0 863
38 0 0 0 1342
38 0 0 0 766
38 0 0 0 668
38 0 0 0 706
38 0 0 0 909
38 0 0 0 809
38 0 0 0 611
38 0 0 0 814
38 0 0 0 547
38 0 0 0 1191
38 0 0 0 963
38 0 0 0 435
38 0 0 1 766
38 0 0 1 1218
38 0 0 1 385
38 0 0 1 462
38 0 1 2 480
38 0 1 2 936
38 0 1 2 574
38 0 1 2 663
38 0 1 2 606
38 0 1 2 834
38 0 1 2 1102
38 0 1 2 1446
38 0 1 3 399
38 0 1 3 823
38 0 1 3 797
38 0 1 3 681
38 0 1 3 832
38 0 1 3 319
38 0 1 3 401
38 0 1 3 990
38 0 1 3 1093
38 0 1 3 957
38 0 1 3 891
38 0 1 3 888
38 0 1 3 243
38 0 1 3 708
38 0 1 3 519
38 0 1 3 669
38 0 1 3 1202
38 0 1 3 521
38 0 1 3 806
38 0 1 3 1460
38 0 1 3 832
38 0 1 3 286
39 0 0 0 768
39 0 0 0 979
39 0 0 0 599
39 0 0 0 731
39 0 0 0 832
39 0 0 0 761
39 0 0 0 936
39 0 0 0 970
39 0 0 0 592
39 0 0 0 775
39 0 0 0 653
39 0 0 0 960
39 0 0 0 818
39 0 0 0 1054
39 0 0 0 803
39 0 0 0 578
39 0 0 0 888
39 0 0 0 525
39 0 0 0 762
39 0 0 0 559
39 0 0 0 580
39 0 0 0 582
39 0 0 0 754
39 0 0 0 650
39 0 0 0 500
39 0 0 1 471
39 0 0 1 585
39 0 0 1 1041
39 0 0 1 762
39 0 0 1 392
39 0 1 2 1174
39 0 1 2 982
39 0 1 3 816
39 0 1 3 1047
39 0 1 3 1098
39 0 1 3 405
39 0 1 3 801
39 0 1 3 642
39 0 1 3 765
39 0 1 3 623
39 0 1 3 374
39 0 1 3 312
39 0 1 3 200
39 0 1 3 658
39 0 1 3 447
39 0 1 3 644
39 0 1 3 956
39 0 1 3 772
39 0 1 3 744
39 0 1 3 642
39 0 1 3 692
39 0 1 3 411
39 0 1 3 869
39 0 1 3 707
39 0 1 3 843
39 0 1 3 750
39 0 1 3 596
39 0 1 3 1075
39 0 1 3 581
39 0 1 3 387
